55
6
 1.5 6 2
 3.318 5.42155 2
 3.93257 5.226 2
 8.83229 3.667 2
 11.919 2.68486 2
 12.5 2.5 2
7
 1.5 6 2
 3.318 5.42155 1.33891
 3.93257 5.226 1.11543
 7 4.25 -5.55112e-17
 8.83229 3.667 0.666286
 11.919 2.68486 1.78873
 12.5 2.5 2
6
 1.5 6 2
 5.16614 3.667 2
 7.493 2.18627 2
 9.75 0.75 2
 11.919 2.13027 2
 12.5 2.5 2
5
 1.5 6 2
 0.1 5.64493 2
 7.89869 3.667 2
 11.919 2.64736 2
 12.5 2.5 2
7
 1.5 6 2
 3.318 5.65396 2
 4.677 5.39528 2
 13.529 3.71038 2
 13.7569 3.667 2
 16.194 3.20312 2
 12.5 2.5 2
7
 1.5 6 2
 3.318 5.42155 2.19006
 3.93257 5.226 2.25431
 7 4.25 2.575
 8.83229 3.667 2.38344
 11.919 2.68486 2.06074
 12.5 2.5 2
7
 1.5 6 2
 5.16614 3.667 0.666857
 7 2.5 0
 7.493 2.18627 0.179273
 9.75 0.75 1
 11.919 2.13027 1.78873
 12.5 2.5 2
8
 1.5 6 2
 3.318 5.65396 1.60452
 4.677 5.39528 1.3089
 10.694 4.25 0
 13.529 3.71038 0.616707
 13.7569 3.667 0.666286
 16.194 3.20312 1.19643
 12.5 2.5 2
8
 1.5 6 2
 3.318 5.42155 1.14885
 3.93257 5.226 0.861114
 5.77184 4.64078 -2.22045e-16
 8.83229 3.667 1.43284
 11.2718 2.89078 2.575
 11.919 2.68486 2.27201
 12.5 2.5 2
8
 1.5 6 2
 3.318 5.30792 2
 3.53319 5.226 2
 7.62846 3.667 2
 11.919 2.03366 2
 15.291 0.75 2
 16.194 1.09376 2
 12.5 2.5 2
7
 1.5 6 2
 4.24941 3.667 2
 7.493 0.914667 2
 7.68706 0.75 2
 11.1247 3.667 2
 11.919 2.993 2
 12.5 2.5 2
6
 1.5 6 2
 0.1 5.64493 1.5942
 5.6 4.25 5.55112e-17
 7.89869 3.667 0.666286
 11.919 2.64736 1.83159
 12.5 2.5 2
7
 1.5 6 2
 0.1 5.28986 2
 3.318 3.65754 2
 7.493 1.53978 2
 9.05 0.75 2
 11.919 2.20529 2
 12.5 2.5 2
7
 1.5 6 2
 0.1 5.76874 2
 3.318 5.23716 2
 3.38557 5.226 2
 12.8233 3.667 2
 16.194 3.1102 2
 12.5 2.5 2
7
 1.5 6 2
 0.1 5.64493 2.11667
 3.318 4.82877 2.38483
 5.6 4.25 2.575
 7.89869 3.667 2.38344
 11.919 2.64736 2.04842
 12.5 2.5 2
7
 1.5 6 2
 3.118 5.66759 2
 0.1 5.04755 2
 6.81971 3.667 2
 7.493 3.52867 2
 11.919 2.61936 2
 12.5 2.5 2
7
 1.5 6 2
 3.318 5.67453 2
 4.677 5.43123 2
 14.5315 3.667 2
 16.194 3.36936 2
 11.919 2.60402 2
 12.5 2.5 2
6
 1.5 6 2
 5.3272 3.767 2
 7.82783 5.226 2
 10.4998 3.667 2
 11.919 2.83899 2
 12.5 2.5 2
8
 1.5 6 2
 2.72816 5.60922 2.575
 3.318 5.42155 2.29885
 3.93257 5.226 2.01111
 8.22816 3.85922 -2.77556e-17
 8.83229 3.667 0.282843
 11.919 2.68486 1.72799
 12.5 2.5 2
8
 1.5 6 2
 3.318 4.84309 2.19006
 5.16614 3.667 2.38328
 7 2.5 2.575
 7.493 2.18627 2.52346
 9.75 0.75 2.2875
 11.919 2.13027 2.06074
 12.5 2.5 2
