55
2
 1.5 6 2
 12.5 2.5 2
3
 1.5 6 2
 7 4.25 -5.55112e-17
 12.5 2.5 2
3
 1.5 6 2
 9.75 0.75 2
 12.5 2.5 2
3
 1.5 6 2
 0.1 5.64493 2
 12.5 2.5 2
3
 1.5 6 2
 16.194 3.20312 2
 12.5 2.5 2
3
 1.5 6 2
 7 4.25 2.575
 12.5 2.5 2
4
 1.5 6 2
 7 2.5 0
 9.75 0.75 1
 12.5 2.5 2
4
 1.5 6 2
 10.694 4.25 0
 16.194 3.20312 1.19643
 12.5 2.5 2
4
 1.5 6 2
 5.77184 4.64078 -2.22045e-16
 11.2718 2.89078 2.575
 12.5 2.5 2
4
 1.5 6 2
 15.291 0.75 2
 16.194 1.09376 2
 12.5 2.5 2
4
 1.5 6 2
 7.68706 0.75 2
 11.1247 3.667 2
 12.5 2.5 2
4
 1.5 6 2
 0.1 5.64493 1.5942
 5.6 4.25 5.55112e-17
 12.5 2.5 2
4
 1.5 6 2
 0.1 5.28986 2
 9.05 0.75 2
 12.5 2.5 2
4
 1.5 6 2
 0.1 5.76874 2
 16.194 3.1102 2
 12.5 2.5 2
4
 1.5 6 2
 0.1 5.64493 2.11667
 5.6 4.25 2.575
 12.5 2.5 2
4
 1.5 6 2
 3.118 5.66759 2
 0.1 5.04755 2
 12.5 2.5 2
4
 1.5 6 2
 16.194 3.36936 2
 11.919 2.60402 2
 12.5 2.5 2
4
 1.5 6 2
 5.3272 3.767 2
 7.82783 5.226 2
 12.5 2.5 2
4
 1.5 6 2
 2.72816 5.60922 2.575
 8.22816 3.85922 -2.77556e-17
 12.5 2.5 2
4
 1.5 6 2
 7 2.5 2.575
 9.75 0.75 2.2875
 12.5 2.5 2
5
 1.5 6 2
 10.694 2.5 0
 15.291 0.75 1
 16.194 1.09376 1.19643
 12.5 2.5 2
5
 1.5 6 2
 7 1.333 0
 7.68706 0.75 0.249839
 11.1247 3.667 1.49989
 12.5 2.5 2
5
 1.5 6 2
 5.77184 3.28155 -1.11022e-16
 9.75 0.75 1.8625
 11.2718 1.71845 2.575
 12.5 2.5 2
5
 1.5 6 2
 11.275 4.25 0
 16.194 3.36936 1.00645
 11.919 2.60402 1.88113
 12.5 2.5 2
5
 1.5 6 2
 8.64097 4.64078 1.11022e-16
 16.194 3.20312 2.11541
 14.553 2.89078 2.575
 12.5 2.5 2
5
 1.5 6 2
 16.1625 0.75 2
 16.194 0.761279 2
 11.919 2.29197 2
 12.5 2.5 2
5
 1.5 6 2
 5.99977 0.75 2
 8.49992 3.667 2
 11.0001 0.75 2
 12.5 2.5 2
5
 1.5 6 2
 5.12024 0.75 2
 8.20675 5.226 2
 11.2933 0.75 2
 12.5 2.5 2
5
 1.5 6 2
 0.1 5.28986 1.5942
 5.6 2.5 -5.55112e-17
 9.05 0.75 1
 12.5 2.5 2
5
 1.5 6 2
 0.1 5.76874 1.7357
 9.294 4.25 -5.55112e-17
 16.194 3.1102 1.30262
 12.5 2.5 2
5
 1.5 6 2
 0.1 5.64493 1.47754
 4.05922 4.64078 0
 10.9592 2.89078 2.575
 12.5 2.5 2
5
 1.5 6 2
 0.1 5.53747 2
 14.591 0.75 2
 16.194 1.27959 2
 12.5 2.5 2
5
 1.5 6 2
 0.1 5.63463 2
 18.8165 0.75 2
 19.011 0.800761 2
 12.5 2.5 2
5
 1.5 6 2
 0.1 5.05307 2
 6.46195 0.75 2
 10.7746 3.667 2
 12.5 2.5 2
5
 1.5 6 2
 0.1 5.75297 2
 3.118 5.22046 2
 0.1 4.68794 2
 12.5 2.5 2
5
 1.5 6 2
 0.1 5.78076 2
 16.194 3.26045 2
 11.919 2.59098 2
 12.5 2.5 2
5
 1.5 6 2
 0.1 5.3489 2
 3.5014 3.767 2
 6.63855 5.226 2
 12.5 2.5 2
5
 1.5 6 2
 0.1 5.64493 2.52246
 0.240777 5.60922 2.575
 7.14078 3.85922 0
 12.5 2.5 2
5
 1.5 6 2
 0.1 5.28986 2.11667
 5.6 2.5 2.575
 9.05 0.75 2.2875
 12.5 2.5 2
5
 1.5 6 2
 0.1 5.76874 2.07599
 9.294 4.25 2.575
 16.194 3.1102 2.2005
 12.5 2.5 2
5
 1.5 6 2
 3.118 5.66759 1.6201
 0.1 5.04755 0.911482
 3.982 4.25 0
 12.5 2.5 2
5
 1.5 6 2
 3.118 5.33517 2
 0.1 4.09509 2
 8.241 0.75 2
 12.5 2.5 2
5
 1.5 6 2
 3.118 5.76814 2
 0.1 5.33565 2
 16.194 3.02936 2
 12.5 2.5 2
5
 1.5 6 2
 3.118 5.66759 2.10922
 0.1 5.04755 2.31295
 3.982 4.25 2.575
 12.5 2.5 2
5
 1.5 6 2
 11.819 2.32439 2
 7.493 0.783483 2
 7.587 0.75 2
 12.5 2.5 2
5
 1.5 6 2
 5.3272 3.767 0.608289
 7 4.743 0
 7.82783 5.226 0.301028
 12.5 2.5 2
5
 1.5 6 2
 7.89769 3.767 2
 12.0778 5.226 2
 16.194 3.78932 2
 12.5 2.5 2
5
 1.5 6 2
 5.3272 3.767 2.40012
 7 4.743 2.575
 7.82783 5.226 2.48845
 12.5 2.5 2
5
 1.5 6 2
 5.14015 8.294 2
 16.194 1.32794 2
 15.2769 0.75 2
 12.5 2.5 2
5
 1.5 6 2
 3.79275 8.294 2
 8.31728 3.767 2
 9.77549 5.226 2
 12.5 2.5 2
5
 1.5 6 2
 2.72816 5.21845 2.575
 8.22816 1.71845 -1.11022e-16
 9.75 0.75 0.7125
 12.5 2.5 2
5
 1.5 6 2
 2.50397 5.68056 2.575
 7 4.25 0
 11.496 2.81944 2.575
 12.5 2.5 2
5
 1.5 6 2
 10.694 2.5 2.575
 15.291 0.75 2.2875
 16.194 1.09376 2.23103
 12.5 2.5 2
5
 1.5 6 2
 7 1.333 2.575
 7.68706 0.75 2.50317
 11.1247 3.667 2.14378
 12.5 2.5 2
5
 1.5 6 2
 11.275 4.25 2.575
 16.194 3.36936 2.28565
 11.919 2.60402 2.03418
 12.5 2.5 2
