5
 -1000 -2.5 -2.5
 -1000 2.5 -2.5
 0 2.5 -2.5
 0 -2.5 -2.5
 -1000 -2.5 2.5
 0 -2.5 2.5
 0 2.5 2.5
 -1000 2.5 2.5
 -1000 -1000 -2.5
 -1000 1000 -2.5
 -2.5 1000 -2.5
 -2.5 -1000 -2.5
 -1000 -1000 2.5
 -2.5 -1000 2.5
 -2.5 1000 2.5
 -1000 1000 2.5
 2.5 -1000 -2.5
 2.5 1000 -2.5
 1000 1000 -2.5
 1000 -1000 -2.5
 2.5 -1000 2.5
 1000 -1000 2.5
 1000 1000 2.5
 2.5 1000 2.5
 0 -1000 -2.5
 0 -2.5 -2.5
 2.5 -2.5 -2.5
 2.5 -1000 -2.5
 0 -1000 2.5
 2.5 -1000 2.5
 2.5 -2.5 2.5
 0 -2.5 2.5
 0 2.5 -2.5
 0 1000 -2.5
 2.5 1000 -2.5
 2.5 2.5 -2.5
 0 2.5 2.5
 2.5 2.5 2.5
 2.5 1000 2.5
 0 1000 2.5
