StartPoint: 0.600000 1.000000 2.400000 
StepSize: 1.000000 1.000000
Dimensions: 19 8
0.012200
0.012200
0.012200
0.012200
0.128000
0.128000
0.128000
0.012200
0.012200
0.128000
0.128000
0.012200
0.012200
0.128000
0.128000
0.012200
0.012200
0.128000
0.128000
0.012200
0.012200
0.012200
0.012200
0.128000
0.128000
0.128000
0.012200
0.128000
0.128000
0.128000
0.012200
0.128000
0.128000
0.128000
0.012200
0.128000
0.128000
0.128000
0.012200
0.012200
0.012200
0.012200
0.128000
0.128000
0.128000
0.012200
0.012200
0.128000
0.128000
0.012200
0.012200
0.128000
0.128000
0.012200
0.012200
0.128000
0.128000
0.012200
0.012200
0.012200
0.012200
0.012200
0.012200
0.012200
0.012200
0.012200
0.012200
0.012200
0.012200
0.012200
0.012200
0.012200
0.012200
0.012200
0.012200
0.012200
0.012200
0.012200
0.012200
0.012200
0.128000
0.128000
0.128000
0.012200
0.012200
0.128000
0.128000
0.012200
0.012200
0.128000
0.128000
0.012200
0.012200
0.128000
0.128000
0.012200
0.012200
0.012200
0.012200
0.128000
0.128000
0.128000
0.012200
0.128000
0.128000
0.128000
0.012200
0.128000
0.128000
0.128000
0.012200
0.128000
0.128000
0.128000
0.012200
0.012200
0.012200
0.012200
0.128000
0.128000
0.128000
0.012200
0.012200
0.128000
0.128000
0.012200
0.012200
0.128000
0.128000
0.012200
0.012200
0.128000
0.128000
0.012200
0.012200
0.012200
0.012200
0.012200
0.012200
0.012200
0.012200
0.012200
0.012200
0.012200
0.012200
0.012200
0.012200
0.012200
0.012200
0.012200
0.012200
0.012200
