NumberOfRays: 8
ray number: 0 T: 0 R: 0 D: 0
 TRANSMITTER 
 1.09 0.81 0.39
 RECEIVER 
 0 1.4 0.39
 0 0  0 0  0 0 
 0 0  0 0  0 0 
 -8.91638e-18 -4.25222e-17  4.8263e-18 2.30166e-17  -0.165579 -0.789646 
ray number: 1 T: 0 R: 1 D: 0
 TRANSMITTER 
 1.09 0.81 0.39
 REFLECTION 
 0.545 1.105 -1
 0 0 1
 RECEIVER 
 0 1.4 0.39
 0 0  0 0  0 0 
 0 0  0 0  0 0 
 -0.0111275 -0.0433833  0.00602317 0.0234827  -0.00564126 -0.0219937 
ray number: 2 T: 0 R: 1 D: 0
 TRANSMITTER 
 1.09 0.81 0.39
 REFLECTION 
 0.595164 -2.1 0.39
 0 1 0
 RECEIVER 
 0 1.4 0.39
 0 0  0 0  0 0 
 0 0  0 0  0 0 
 -3.87345e-35 -4.68483e-35  -6.58668e-36 -7.96641e-36  0.0322815 0.0448988 
ray number: 3 T: 0 R: 1 D: 0
 TRANSMITTER 
 1.09 0.81 0.39
 REFLECTION 
 -1.225 1.19583 0.39
 1 0 0
 RECEIVER 
 0 1.4 0.39
 0 0  0 0  0 0 
 0 0  0 0  0 0 
 2.19683e-18 5.94517e-19  -2.70853e-17 -7.33874e-18  0.0966429 0.026215 
ray number: 4 T: 0 R: 1 D: 0
 TRANSMITTER 
 1.09 0.81 0.39
 REFLECTION 
 0.48643 3.85 0.39
 0 -1 0
 RECEIVER 
 0 1.4 0.39
 0 0  0 0  0 0 
 0 0  0 0  0 0 
 -1.2724e-34 7.97291e-35  2.52626e-35 -1.58296e-35  0.0550406 -0.0337162 
ray number: 5 T: 2 R: 1 D: 0
 TRANSMITTER 
 1.09 0.81 0.39
 TRANSMISSION 
 -1.475 1.0414 0.39
 -1 0 0
 REFLECTION 
 -2.725 1.15417 0.39
 1 0 0
 TRANSMISSION 
 -1.225 1.28949 0.39
 1 0 0
 RECEIVER 
 0 1.4 0.39
 0 0  0 0  0 0 
 0 0  0 0  0 0 
 -9.02584e-37 5.97306e-36  1.00049e-35 -6.62099e-35  -0.00286033 0.014219 
ray number: 6 T: 0 R: 1 D: 0
 TRANSMITTER 
 1.09 0.81 0.39
 REFLECTION 
 3.225 1.04501 0.39
 -1 0 0
 RECEIVER 
 0 1.4 0.39
 0 0  0 0  0 0 
 0 0  0 0  0 0 
 -1.63388e-18 -3.91936e-19  -3.00393e-17 -7.20998e-18  -0.0643327 -0.0154497 
ray number: 7 T: 0 R: 1 D: 0
 TRANSMITTER 
 1.09 0.81 0.39
 REFLECTION 
 0.545 1.105 1.44
 0 0 -1
 RECEIVER 
 0 1.4 0.39
 0 0  0 0  0 0 
 0 0  0 0  0 0 
 0.0542205 0.0149029  -0.0293487 -0.0080667  -0.0363886 -0.0100017 
