24
 -3.475 -2.1 -1
 -3.475 2.75 -1
 -3.225 2.75 -1
 -3.225 -2.1 -1
 -3.475 -2.1 1.44
 -3.225 -2.1 1.44
 -3.225 2.75 1.44
 -3.475 2.75 1.44
 -3.475 2.75 -1
 -3.475 3.55 -1
 -3.225 3.55 -1
 -3.225 2.75 -1
 -3.475 2.75 1
 -3.225 2.75 1
 -3.225 3.55 1
 -3.475 3.55 1
 -3.475 2.75 1
 -3.475 3.55 1
 -3.225 3.55 1
 -3.225 2.75 1
 -3.475 2.75 1.44
 -3.225 2.75 1.44
 -3.225 3.55 1.44
 -3.475 3.55 1.44
 -3.475 3.55 -1
 -3.475 4.1 -1
 -3.225 4.1 -1
 -3.225 3.55 -1
 -3.475 3.55 1.44
 -3.225 3.55 1.44
 -3.225 4.1 1.44
 -3.475 4.1 1.44
 -1.475 -2.35 -1
 -1.475 -2.1 -1
 3.475 -2.1 -1
 3.475 -2.35 -1
 -1.475 -2.35 1.44
 3.475 -2.35 1.44
 3.475 -2.1 1.44
 -1.475 -2.1 1.44
 -1.925 -1.05 -1
 -1.925 -0.45 -1
 -1.475 -0.45 -1
 -1.475 -1.05 -1
 -1.925 -1.05 1.44
 -1.475 -1.05 1.44
 -1.475 -0.45 1.44
 -1.925 -0.45 1.44
 -1.475 -2.1 -1
 -1.475 2.75 -1
 -1.225 2.75 -1
 -1.225 -2.1 -1
 -1.475 -2.1 1.44
 -1.225 -2.1 1.44
 -1.225 2.75 1.44
 -1.475 2.75 1.44
 -1.475 2.75 1
 -1.475 3.55 1
 -1.225 3.55 1
 -1.225 2.75 1
 -1.475 2.75 1.44
 -1.225 2.75 1.44
 -1.225 3.55 1.44
 -1.475 3.55 1.44
 -0.725 -2.6 -1
 -0.725 -2.35 -1
 3.475 -2.35 -1
 3.475 -2.6 -1
 -0.725 -2.6 1.44
 3.475 -2.6 1.44
 3.475 -2.35 1.44
 -0.725 -2.35 1.44
 -3.225 3.85 -1
 -3.225 4.1 -1
 -1.475 4.1 -1
 -1.475 3.85 -1
 -3.225 3.85 1.44
 -1.475 3.85 1.44
 -1.475 4.1 1.44
 -3.225 4.1 1.44
 -1.475 3.55 -1
 -1.475 4.1 -1
 -1.225 4.1 -1
 -1.225 3.55 -1
 -1.475 3.55 1.44
 -1.225 3.55 1.44
 -1.225 4.1 1.44
 -1.475 4.1 1.44
 -1.225 3.85 -1
 -1.225 4.1 -1
 0.775 4.1 -1
 0.775 3.85 -1
 -1.225 3.85 1.44
 0.775 3.85 1.44
 0.775 4.1 1.44
 -1.225 4.1 1.44
 0.775 3.85 -1
 0.775 4.1 -1
 2.225 4.1 -1
 2.225 3.85 -1
 0.775 3.85 -0.75
 2.225 3.85 -0.75
 2.225 4.1 -0.75
 0.775 4.1 -0.75
 -3.225 -1.05 -1
 -3.225 2.45 -1
 -2.725 2.45 -1
 -2.725 -1.05 -1
 -3.225 -1.05 1.44
 -2.725 -1.05 1.44
 -2.725 2.45 1.44
 -3.225 2.45 1.44
 0.775 3.85 -0.75
 0.775 4.1 -0.75
 2.225 4.1 -0.75
 2.225 3.85 -0.75
 0.775 3.85 0.75
 2.225 3.85 0.75
 2.225 4.1 0.75
 0.775 4.1 0.75
 0.775 3.85 0.75
 0.775 4.1 0.75
 2.225 4.1 0.75
 2.225 3.85 0.75
 0.775 3.85 1.44
 2.225 3.85 1.44
 2.225 4.1 1.44
 0.775 4.1 1.44
 2.225 3.85 -1
 2.225 4.1 -1
 3.225 4.1 -1
 3.225 3.85 -1
 2.225 3.85 1.44
 3.225 3.85 1.44
 3.225 4.1 1.44
 2.225 4.1 1.44
 3.225 -2.1 -1
 3.225 4.1 -1
 3.475 4.1 -1
 3.475 -2.1 -1
 3.225 -2.1 1.44
 3.475 -2.1 1.44
 3.475 4.1 1.44
 3.225 4.1 1.44
 3.225 -3.85 -1
 3.225 -2.6 -1
 3.475 -2.6 -1
 3.475 -3.85 -1
 3.225 -3.85 1.44
 3.475 -3.85 1.44
 3.475 -2.6 1.44
 3.225 -2.6 1.44
 -2.75 -4.1 -1
 -2.75 -3.85 -1
 3.475 -3.85 -1
 3.475 -4.1 -1
 -2.75 -4.1 1.44
 3.475 -4.1 1.44
 3.475 -3.85 1.44
 -2.75 -3.85 1.44
 -2.75 -3.85 -1
 -2.75 -2.1 -1
 -2.55 -2.1 -1
 -2.55 -3.85 -1
 -2.75 -3.85 1.44
 -2.55 -3.85 1.44
 -2.55 -2.1 1.44
 -2.75 -2.1 1.44
 -3.475 -2.35 -1
 -3.475 -2.1 -1
 -2.75 -2.1 -1
 -2.75 -2.35 -1
 -3.475 -2.35 1.44
 -2.75 -2.35 1.44
 -2.75 -2.1 1.44
 -3.475 -2.1 1.44
 2.025 -3.35 -1
 2.025 -2.6 -1
 2.275 -2.6 -1
 2.275 -3.35 -1
 2.025 -3.35 1.44
 2.275 -3.35 1.44
 2.275 -2.6 1.44
 2.025 -2.6 1.44
 2.975 -0.1 -1
 2.975 1.4 -1
 3.225 1.4 -1
 3.225 -0.1 -1
 2.975 -0.1 -0.25
 3.225 -0.1 -0.25
 3.225 1.4 -0.25
 2.975 1.4 -0.25
