0.753127  3.86778
0.772787  3.81661
0.845991  4.08301
0.944034  0.342742
1.08245  -1.85522
1.09622  -0.986213
1.22053  -1.83269
1.28265  -5.54175
1.38679  -5.57444
1.46123  -5.22991
1.52895  -6.73713
1.68158  -4.20678
1.69047  -8.19082
2.56737  -10.7758
2.6034  -12.0529
2.7225  -9.318
3.18512  -11.8868
3.19038  -13.1782
3.26602  -14.5038
3.37215  -9.38617
3.7184  -12.2438
3.74092  -16.8476
3.94011  -15.3352
4.04079  -15.4261
4.16043  -22.9487
4.24396  -23.4652
4.59012  -20.3128
5.03698  -15.6983
