0.753127  3.71593
0.772787  3.34503
0.845991  3.66927
0.944034  0.927996
1.08245  -1.52272
1.09622  -1.39385
1.22053  -1.93634
1.28265  -5.27993
1.38679  -5.73718
1.46123  -4.80962
1.52895  -7.15512
1.68158  -3.30737
1.69047  -8.18571
2.56737  -9.59821
2.6034  -11.0306
2.7225  -11.2112
3.18512  -11.8171
3.19038  -13.4258
3.26602  -11.828
3.37215  -11.1056
3.7184  -15.5621
3.74092  -14.4433
3.94011  -15.1635
4.04079  -14.8073
4.16043  -19.443
4.24396  -18.6141
4.59012  -18.2769
5.03698  -15.0792
