98
6
 3 18 8.5
 9.6 11.4 8.5
 11.4 9.6 8.5
 11.7842 9.4 8.5
 19.6 5.33151 8.5
 26 2 8.5
6
 3 18 8.5
 9.6 12.8143 8.5
 11.4 11.4 8.5
 14.5064 9.4 8.5
 19.6 6.12055 8.5
 26 2 8.5
7
 3 18 8.5
 8.52632 0.5 8.5
 9.6 3.9 8.5
 11.4 9.6 8.5
 11.7842 9.4 8.5
 19.6 5.33151 8.5
 26 2 8.5
7
 3 18 8.5
 0.5 16.4328 8.5
 9.6 10.7284 8.5
 11.4 9.6 8.5
 11.7842 9.4 8.5
 19.6 5.33151 8.5
 26 2 8.5
7
 3 18 8.5
 3.36522 18.4 8.5
 9.6 11.5714 8.5
 11.4 9.6 8.5
 11.7842 9.4 8.5
 19.6 5.33151 8.5
 26 2 8.5
7
 3 18 8.5
 8.17606 0.5 8.5
 9.6 5.31429 8.5
 11.4 11.4 8.5
 14.5064 9.4 8.5
 19.6 6.12055 8.5
 26 2 8.5
7
 3 18 8.5
 0.5 16.7687 8.5
 9.6 12.2866 8.5
 11.4 11.4 8.5
 14.5064 9.4 8.5
 19.6 6.12055 8.5
 26 2 8.5
7
 3 18 8.5
 3.45405 18.4 8.5
 9.6 12.9857 8.5
 11.4 11.4 8.5
 14.5064 9.4 8.5
 19.6 6.12055 8.5
 26 2 8.5
7
 3 18 8.5
 9.6 11.4 8.5
 11.4 9.6 8.5
 11.6755 9.4 8.5
 19.6 3.64658 8.5
 23.934 0.5 8.5
 26 2 8.5
7
 3 18 8.5
 9.6 11.4 8.5
 11.4 9.6 8.5
 12.0211 9.4 8.5
 19.6 6.95932 8.5
 30.5 3.44915 8.5
 26 2 8.5
7
 3 18 8.5
 9.6 11.4 8.5
 11.4 9.6 8.5
 13.7464 11.4 8.5
 16.3536 9.4 8.5
 19.6 6.90959 8.5
 26 2 8.5
7
 3 18 8.5
 9.6 11.4 7.24842
 11.4 9.6 6.90708
 11.7842 9.4 6.849
 13.4314 8.54257 6.6
 19.6 5.33151 7.53251
 26 2 8.5
7
 3 18 8.5
 9.6 11.4 8.5
 11.4 9.6 8.5
 9.6 8.84835 8.5
 11.6 8.01319 8.5
 19.6 4.67253 8.5
 26 2 8.5
7
 3 18 8.5
 9.6 11.4 7.24842
 11.4 9.6 6.90708
 11.7842 9.4 6.849
 13.4314 8.54257 6.6
 19.6 5.33151 7.53251
 26 2 8.5
7
 3 18 8.5
 9.6 11.4 9.2246
 11.4 9.6 9.42221
 11.7842 9.4 9.45584
 13.4314 8.54257 9.6
 19.6 5.33151 9.06013
 26 2 8.5
7
 3 18 8.5
 9.6 12.8143 8.5
 11.4 11.4 8.5
 13.7548 9.4 8.5
 19.6 4.43562 8.5
 24.2339 0.5 8.5
 26 2 8.5
7
 3 18 8.5
 9.6 12.8143 8.5
 11.4 11.4 8.5
 16.4213 9.4 8.5
 19.6 8.1339 8.5
 30.5 3.79237 8.5
 26 2 8.5
7
 3 18 8.5
 9.6 12.8143 8.5
 11.4 11.4 8.5
 9.6 10.4703 8.5
 11.6723 9.4 8.5
 19.6 5.30549 8.5
 26 2 8.5
8
 3 18 8.5
 8.52632 0.5 6.92773
 9.6 3.9 6.62226
 9.67826 4.14782 6.6
 11.4 9.6 7.08984
 11.7842 9.4 7.12695
 19.6 5.33151 7.88185
 26 2 8.5
8
 3 18 8.5
 8.52632 0.5 9.41026
 9.6 3.9 9.58711
 9.67826 4.14782 9.6
 11.4 9.6 9.31641
 11.7842 9.4 9.29492
 19.6 5.33151 8.85788
 26 2 8.5
8
 3 18 8.5
 0.5 13.0373 8.5
 6.81579 0.5 8.5
 9.6 6.02687 8.5
 11.4 9.6 8.5
 11.7842 9.4 8.5
 19.6 5.33151 8.5
 26 2 8.5
8
 3 18 8.5
 9.6 13.38 8.5
 11.4 12.12 8.5
 9.6 10.86 8.5
 11.4 9.6 8.5
 11.7842 9.4 8.5
 19.6 5.33151 8.5
 26 2 8.5
8
 3 18 8.5
 9.4 15.9481 8.5
 0.5 13.0947 8.5
 9.6 10.1771 8.5
 11.4 9.6 8.5
 11.7842 9.4 8.5
 19.6 5.33151 8.5
 26 2 8.5
8
 3 18 8.5
 3.12263 18.4 8.5
 8.61022 0.5 8.5
 9.6 3.72857 8.5
 11.4 9.6 8.5
 11.7842 9.4 8.5
 19.6 5.33151 8.5
 26 2 8.5
8
 3 18 8.5
 2.41739 18.4 8.5
 0.5 17.0836 8.5
 9.6 10.8358 8.5
 11.4 9.6 8.5
 11.7842 9.4 8.5
 19.6 5.33151 8.5
 26 2 8.5
8
 3 18 8.5
 8.17606 0.5 7.0239
 9.6 5.31429 6.61783
 9.66251 5.52563 6.6
 11.4 11.4 7.09549
 14.5064 9.4 7.39432
 19.6 6.12055 7.88433
 26 2 8.5
8
 3 18 8.5
 8.17606 0.5 9.35458
 9.6 5.31429 9.58968
 9.66251 5.52563 9.6
 11.4 11.4 9.31314
 14.5064 9.4 9.14013
 19.6 6.12055 8.85644
 26 2 8.5
8
 3 18 8.5
 0.5 12.7015 8.5
 6.25704 0.5 8.5
 9.6 7.58507 8.5
 11.4 11.4 8.5
 14.5064 9.4 8.5
 19.6 6.12055 8.5
 26 2 8.5
8
 3 18 8.5
 9.6 14.37 8.5
 11.4 13.38 8.5
 9.6 12.39 8.5
 11.4 11.4 8.5
 14.5064 9.4 8.5
 19.6 6.12055 8.5
 26 2 8.5
8
 3 18 8.5
 9.4 16.3878 8.5
 0.5 14.1458 8.5
 9.6 11.8534 8.5
 11.4 11.4 8.5
 14.5064 9.4 8.5
 19.6 6.12055 8.5
 26 2 8.5
8
 3 18 8.5
 3.11507 18.4 8.5
 8.26438 0.5 8.5
 9.6 5.14286 8.5
 11.4 11.4 8.5
 14.5064 9.4 8.5
 19.6 6.12055 8.5
 26 2 8.5
8
 3 18 8.5
 2.27568 18.4 8.5
 0.5 17.4194 8.5
 9.6 12.394 8.5
 11.4 11.4 8.5
 14.5064 9.4 8.5
 19.6 6.12055 8.5
 26 2 8.5
8
 3 18 8.5
 9.6 12.5409 8.03901
 13.3973 9.4 7.77378
 19.6 4.26955 7.34054
 24.1574 0.5 7.02222
 30.2023 5.5 6.6
 30.5 5.28283 6.71789
 26 2 8.5
8
 3 18 8.5
 8.52632 0.5 8.5
 9.6 3.9 8.5
 11.4 9.6 8.5
 11.6755 9.4 8.5
 19.6 3.64658 8.5
 23.934 0.5 8.5
 26 2 8.5
8
 3 18 8.5
 0.5 16.4328 8.5
 9.6 10.7284 8.5
 11.4 9.6 8.5
 11.6755 9.4 8.5
 19.6 3.64658 8.5
 23.934 0.5 8.5
 26 2 8.5
8
 3 18 8.5
 3.36522 18.4 8.5
 9.6 11.5714 8.5
 11.4 9.6 8.5
 11.6755 9.4 8.5
 19.6 3.64658 8.5
 23.934 0.5 8.5
 26 2 8.5
8
 3 18 8.5
 8.52632 0.5 8.5
 9.6 3.9 8.5
 11.4 9.6 8.5
 12.0211 9.4 8.5
 19.6 6.95932 8.5
 30.5 3.44915 8.5
 26 2 8.5
8
 3 18 8.5
 0.5 16.4328 8.5
 9.6 10.7284 8.5
 11.4 9.6 8.5
 12.0211 9.4 8.5
 19.6 6.95932 8.5
 30.5 3.44915 8.5
 26 2 8.5
8
 3 18 8.5
 3.36522 18.4 8.5
 9.6 11.5714 8.5
 11.4 9.6 8.5
 12.0211 9.4 8.5
 19.6 6.95932 8.5
 30.5 3.44915 8.5
 26 2 8.5
8
 3 18 8.5
 8.52632 0.5 8.5
 9.6 3.9 8.5
 11.4 9.6 8.5
 13.7464 11.4 8.5
 16.3536 9.4 8.5
 19.6 6.90959 8.5
 26 2 8.5
8
 3 18 8.5
 0.5 16.4328 8.5
 9.6 10.7284 8.5
 11.4 9.6 8.5
 13.7464 11.4 8.5
 16.3536 9.4 8.5
 19.6 6.90959 8.5
 26 2 8.5
8
 3 18 8.5
 3.36522 18.4 8.5
 9.6 11.5714 8.5
 11.4 9.6 8.5
 13.7464 11.4 8.5
 16.3536 9.4 8.5
 19.6 6.90959 8.5
 26 2 8.5
8
 3 18 8.5
 3.36522 18.4 8.42882
 9.6 11.5714 7.21373
 11.4 9.6 6.86293
 11.7842 9.4 6.80601
 13.1748 8.67613 6.6
 19.6 5.33151 7.55187
 26 2 8.5
8
 3 18 8.5
 6.67377 14.3262 9.6
 9.6 11.4 8.72383
 11.4 9.6 8.18487
 11.7842 9.4 8.09316
 18.0399 6.14363 6.6
 19.6 5.33151 6.97239
 26 2 8.5
8
 3 18 8.5
 8.52632 0.5 8.5
 9.6 3.9 8.5
 11.4 9.6 8.5
 9.6 8.84835 8.5
 11.6 8.01319 8.5
 19.6 4.67253 8.5
 26 2 8.5
8
 3 18 8.5
 0.5 16.4328 8.5
 9.6 10.7284 8.5
 11.4 9.6 8.5
 9.6 8.84835 8.5
 11.6 8.01319 8.5
 19.6 4.67253 8.5
 26 2 8.5
8
 3 18 8.5
 3.36522 18.4 8.5
 9.6 11.5714 8.5
 11.4 9.6 8.5
 9.6 8.84835 8.5
 11.6 8.01319 8.5
 19.6 4.67253 8.5
 26 2 8.5
8
 3 18 8.5
 3.36522 18.4 8.42882
 9.6 11.5714 7.21373
 11.4 9.6 6.86293
 11.7842 9.4 6.80601
 13.1748 8.67613 6.6
 19.6 5.33151 7.55187
 26 2 8.5
8
 3 18 8.5
 6.67377 14.3262 9.6
 9.6 11.4 8.72383
 11.4 9.6 8.18487
 11.7842 9.4 8.09316
 18.0399 6.14363 6.6
 19.6 5.33151 6.97239
 26 2 8.5
8
 3 18 8.5
 9.3456 11.6544 6.6
 9.6 11.4 6.67617
 11.4 9.6 7.21513
 11.7842 9.4 7.30684
 19.6 5.33151 9.17239
 21.3915 4.39894 9.6
 26 2 8.5
8
 3 18 8.5
 3.36522 18.4 8.54121
 9.6 11.5714 9.24468
 11.4 9.6 9.44778
 11.7842 9.4 9.48073
 13.1748 8.67613 9.6
 19.6 5.33151 9.04892
 26 2 8.5
8
 3 18 8.5
 8.17606 0.5 8.5
 9.6 5.31429 8.5
 11.4 11.4 8.5
 13.7548 9.4 8.5
 19.6 4.43562 8.5
 24.2339 0.5 8.5
 26 2 8.5
8
 3 18 8.5
 0.5 16.7687 8.5
 9.6 12.2866 8.5
 11.4 11.4 8.5
 13.7548 9.4 8.5
 19.6 4.43562 8.5
 24.2339 0.5 8.5
 26 2 8.5
8
 3 18 8.5
 3.45405 18.4 8.5
 9.6 12.9857 8.5
 11.4 11.4 8.5
 13.7548 9.4 8.5
 19.6 4.43562 8.5
 24.2339 0.5 8.5
 26 2 8.5
8
 3 18 8.5
 8.17606 0.5 8.5
 9.6 5.31429 8.5
 11.4 11.4 8.5
 16.4213 9.4 8.5
 19.6 8.1339 8.5
 30.5 3.79237 8.5
 26 2 8.5
8
 3 18 8.5
 0.5 16.7687 8.5
 9.6 12.2866 8.5
 11.4 11.4 8.5
 16.4213 9.4 8.5
 19.6 8.1339 8.5
 30.5 3.79237 8.5
 26 2 8.5
8
 3 18 8.5
 3.45405 18.4 8.5
 9.6 12.9857 8.5
 11.4 11.4 8.5
 16.4213 9.4 8.5
 19.6 8.1339 8.5
 30.5 3.79237 8.5
 26 2 8.5
8
 3 18 8.5
 0.5 16.7687 8.17216
 9.6 12.2866 6.97881
 11.4 11.4 6.74277
 12.4204 10.743 6.6
 14.5064 9.4 6.89187
 19.6 6.12055 7.60454
 26 2 8.5
8
 3 18 8.5
 3.45405 18.4 8.41948
 9.6 12.9857 7.32965
 11.4 11.4 7.01046
 13.9938 9.73005 6.6
 14.5064 9.4 6.68112
 19.6 6.12055 7.48719
 26 2 8.5
8
 3 18 8.5
 7.04321 14.8232 9.6
 9.6 12.8143 8.9044
 11.4 11.4 8.41469
 14.5064 9.4 7.62433
 18.5323 6.80794 6.6
 19.6 6.12055 6.87164
 26 2 8.5
8
 3 18 8.5
 8.17606 0.5 8.5
 9.6 5.31429 8.5
 11.4 11.4 8.5
 9.6 10.4703 8.5
 11.6723 9.4 8.5
 19.6 5.30549 8.5
 26 2 8.5
8
 3 18 8.5
 0.5 16.7687 8.5
 9.6 12.2866 8.5
 11.4 11.4 8.5
 9.6 10.4703 8.5
 11.6723 9.4 8.5
 19.6 5.30549 8.5
 26 2 8.5
8
 3 18 8.5
 3.45405 18.4 8.5
 9.6 12.9857 8.5
 11.4 11.4 8.5
 9.6 10.4703 8.5
 11.6723 9.4 8.5
 19.6 5.30549 8.5
 26 2 8.5
8
 3 18 8.5
 0.5 16.7687 8.17216
 9.6 12.2866 6.97881
 11.4 11.4 6.74277
 12.4204 10.743 6.6
 14.5064 9.4 6.89187
 19.6 6.12055 7.60454
 26 2 8.5
8
 3 18 8.5
 3.45405 18.4 8.41948
 9.6 12.9857 7.32965
 11.4 11.4 7.01046
 13.9938 9.73005 6.6
 14.5064 9.4 6.68112
 19.6 6.12055 7.48719
 26 2 8.5
8
 3 18 8.5
 7.04321 14.8232 9.6
 9.6 12.8143 8.9044
 11.4 11.4 8.41469
 14.5064 9.4 7.62433
 18.5323 6.80794 6.6
 19.6 6.12055 6.87164
 26 2 8.5
8
 3 18 8.5
 0.5 16.7687 8.6898
 9.6 12.2866 9.38069
 11.4 11.4 9.51735
 12.4204 10.743 9.6
 14.5064 9.4 9.43103
 19.6 6.12055 9.01842
 26 2 8.5
8
 3 18 8.5
 9.6 12.8143 6.7044
 9.98373 12.5128 6.6
 11.4 11.4 6.98531
 14.5064 9.4 7.77567
 19.6 6.12055 9.07164
 21.6766 4.78354 9.6
 26 2 8.5
8
 3 18 8.5
 3.45405 18.4 8.54661
 9.6 12.9857 9.17757
 11.4 11.4 9.36236
 13.9938 9.73005 9.6
 14.5064 9.4 9.55303
 19.6 6.12055 9.08636
 26 2 8.5
8
 3 18 8.5
 9.6 11.4 8.5
 11.4 9.6 8.5
 11.8453 9.4 8.5
 19.6 5.91695 8.5
 30.5 1.02119 8.5
 29.3396 0.5 8.5
 26 2 8.5
8
 3 18 8.5
 9.6 11.4 8.5
 11.4 9.6 8.5
 12.3579 9.4 8.5
 19.6 7.88791 8.5
 30.5 5.61209 8.5
 19.6 3.33626 8.5
 26 2 8.5
8
 3 18 8.5
 9.6 11.4 8.5
 11.4 9.6 8.5
 13.2507 11.4 8.5
 15.307 9.4 8.5
 19.6 5.22466 8.5
 24.4577 0.5 8.5
 26 2 8.5
8
 3 18 8.5
 9.6 11.4 8.5
 11.4 9.6 8.5
 15.1929 11.4 8.5
 19.4071 9.4 8.5
 19.6 9.30847 8.5
 30.5 4.13559 8.5
 26 2 8.5
8
 3 18 8.5
 9.6 11.4 7.32867
 11.4 9.6 7.00921
 13.7464 11.4 6.63809
 13.9873 11.2153 6.6
 16.3536 9.4 6.97427
 19.6 6.90959 7.48774
 26 2 8.5
8
 3 18 8.5
 9.6 11.4 7.32867
 11.4 9.6 7.00921
 13.7464 11.4 6.63809
 13.9873 11.2153 6.6
 16.3536 9.4 6.97427
 19.6 6.90959 7.48774
 26 2 8.5
8
 3 18 8.5
 9.6 11.4 9.17814
 11.4 9.6 9.36309
 13.7464 11.4 9.57795
 13.9873 11.2153 9.6
 16.3536 9.4 9.38332
 19.6 6.90959 9.08604
 26 2 8.5
8
 3 18 8.5
 9.6 11.4 8.5
 11.4 9.6 8.5
 12.1947 9.4 8.5
 19.4 7.58675 8.5
 11.6 5.62384 8.5
 19.6 3.6106 8.5
 26 2 8.5
8
 3 18 8.5
 9.6 11.4 7.31462
 11.4 9.6 6.99133
 11.6755 9.4 6.9481
 13.8935 7.78965 6.6
 19.6 3.64658 7.49558
 23.934 0.5 8.17575
 26 2 8.5
8
 3 18 8.5
 9.6 11.4 7.53284
 11.4 9.6 7.26907
 12.0211 9.4 7.20147
 17.5462 7.6207 6.6
 19.6 6.95932 6.82357
 30.5 3.44915 8.01013
 26 2 8.5
8
 3 18 8.5
 9.6 11.4 8.5
 11.4 9.6 8.5
 9.6 8.55165 8.5
 11.6 7.38681 8.5
 19.6 2.72747 8.5
 23.4245 0.5 8.5
 26 2 8.5
8
 3 18 8.5
 9.6 11.4 8.5
 11.4 9.6 8.5
 9.6 9.09706 8.5
 11.6 8.53824 8.5
 19.6 6.30294 8.5
 30.5 3.25735 8.5
 26 2 8.5
8
 3 18 8.5
 9.6 11.4 7.31462
 11.4 9.6 6.99133
 11.6755 9.4 6.9481
 13.8935 7.78965 6.6
 19.6 3.64658 7.49558
 23.934 0.5 8.17575
 26 2 8.5
8
 3 18 8.5
 9.6 11.4 7.53284
 11.4 9.6 7.26907
 12.0211 9.4 7.20147
 17.5462 7.6207 6.6
 19.6 6.95932 6.82357
 30.5 3.44915 8.01013
 26 2 8.5
8
 3 18 8.5
 9.6 11.4 9.18627
 11.4 9.6 9.37344
 11.6755 9.4 9.39847
 13.8935 7.78965 9.6
 19.6 3.64658 9.08151
 23.934 0.5 8.68772
 26 2 8.5
8
 3 18 8.5
 9.6 11.4 9.05993
 11.4 9.6 9.21264
 12.0211 9.4 9.25178
 17.5462 7.6207 9.6
 19.6 6.95932 9.47056
 30.5 3.44915 8.78361
 26 2 8.5
8
 3 18 8.5
 9.6 12.8143 8.5
 11.4 11.4 8.5
 12.4735 9.4 8.5
 17.2507 0.5 8.5
 19.6 4.87671 8.5
 22.0279 9.4 8.5
 26 2 8.5
8
 3 18 8.5
 9.6 12.8143 8.5
 11.4 11.4 8.5
 15.2065 9.4 8.5
 19.6 7.09153 8.5
 30.5 1.36441 8.5
 28.8548 0.5 8.5
 26 2 8.5
8
 3 18 8.5
 9.6 12.8143 7.43104
 11.4 11.4 7.13951
 13.7548 9.4 6.74604
 14.6288 8.6577 6.6
 19.6 4.43562 7.43063
 24.2339 0.5 8.2049
 26 2 8.5
8
 3 18 8.5
 9.6 12.8143 7.61612
 11.4 11.4 7.37506
 16.4213 9.4 6.8059
 18.2378 8.67647 6.6
 19.6 8.1339 6.75441
 30.5 3.79237 7.98992
 26 2 8.5
8
 3 18 8.5
 9.6 12.8143 8.5
 11.4 11.4 8.5
 9.6 10.1736 8.5
 11.6 8.81099 8.5
 19.6 3.36044 8.5
 23.7984 0.5 8.5
 26 2 8.5
8
 3 18 8.5
 9.6 12.8143 8.5
 11.4 11.4 8.5
 9.6 10.7779 8.5
 13.5872 9.4 8.5
 19.6 7.32206 8.5
 30.5 3.55515 8.5
 26 2 8.5
8
 3 18 8.5
 9.6 12.8143 7.47662
 11.4 11.4 7.19752
 9.6 10.4703 6.95051
 11.6723 9.4 6.66613
 12.1543 9.1511 6.6
 19.6 5.30549 7.62175
 26 2 8.5
8
 3 18 8.5
 9.6 12.8143 7.47662
 11.4 11.4 7.19752
 9.6 10.4703 6.95051
 11.6723 9.4 6.66613
 12.1543 9.1511 6.6
 19.6 5.30549 7.62175
 26 2 8.5
8
 3 18 8.5
 9.6 12.8143 9.09248
 11.4 11.4 9.25407
 9.6 10.4703 9.39707
 11.6723 9.4 9.56171
 12.1543 9.1511 9.6
 19.6 5.30549 9.00846
 26 2 8.5
8
 3 18 8.5
 9.6 12.8143 7.43104
 11.4 11.4 7.13951
 13.7548 9.4 6.74604
 14.6288 8.6577 6.6
 19.6 4.43562 7.43063
 24.2339 0.5 8.2049
 26 2 8.5
8
 3 18 8.5
 9.6 12.8143 7.61612
 11.4 11.4 7.37506
 16.4213 9.4 6.8059
 18.2378 8.67647 6.6
 19.6 8.1339 6.75441
 30.5 3.79237 7.98992
 26 2 8.5
8
 3 18 8.5
 9.6 12.8143 9.11887
 11.4 11.4 9.28765
 13.7548 9.4 9.51545
 14.6288 8.6577 9.6
 19.6 4.43562 9.11911
 24.2339 0.5 8.67085
 26 2 8.5
8
 3 18 8.5
 9.6 12.8143 9.01172
 11.4 11.4 9.15128
 16.4213 9.4 9.48079
 18.2378 8.67647 9.6
 19.6 8.1339 9.51061
 30.5 3.79237 8.79531
 26 2 8.5
