38
6
 3 18 8.5
 9.6 12.5478 8.5
 13.4105 9.4 8.5
 19.6 4.28696 8.5
 24.1842 0.5 8.5
 26 2 8.5
6
 3 18 8.5
 0.5 16.5714 8.5
 9.6 11.3714 8.5
 13.05 9.4 8.5
 19.6 5.65714 8.5
 26 2 8.5
7
 3 18 8.5
 9.6 8.30087 8.5
 11.6 5.36174 8.5
 14.9083 0.5 8.5
 19.6 7.39478 8.5
 20.9645 9.4 8.5
 26 2 8.5
7
 3 18 8.5
 0.5 16.3036 8.5
 9.6 10.1286 8.5
 11.6 8.77143 8.5
 19.6 3.34286 8.5
 23.7895 0.5 8.5
 26 2 8.5
7
 3 18 8.5
 0.5 16.5714 8.16071
 9.6 11.3714 6.92571
 12 10 6.6
 13.05 9.4 6.7425
 19.6 5.65714 7.63143
 26 2 8.5
7
 3 18 8.5
 0.5 16.5714 8.69643
 9.6 11.3714 9.41143
 12 10 9.6
 13.05 9.4 9.5175
 19.6 5.65714 9.00286
 26 2 8.5
7
 3 18 8.5
 9.6 14.0301 8.5
 11.4 12.9474 8.5
 9.6 11.8647 8.5
 13.6975 9.4 8.5
 19.6 5.84962 8.5
 26 2 8.5
7
 3 18 8.5
 9.6 12.3757 8.5
 12.8571 9.6 8.5
 14.9694 11.4 8.5
 17.3163 9.4 8.5
 19.6 7.45391 8.5
 26 2 8.5
7
 3 18 8.5
 9.6 12.5478 7.40957
 13.4105 9.4 6.78
 14.5 8.5 6.6
 19.6 4.28696 7.44261
 24.1842 0.5 8.2
 26 2 8.5
7
 3 18 8.5
 9.4 15.4902 8.5
 0.5 12 8.5
 9.6 8.43137 8.5
 11.6 7.64706 8.5
 19.6 4.5098 8.5
 26 2 8.5
7
 3 18 8.5
 2.33333 18.4 8.5
 0.5 17.3 8.5
 9.6 11.84 8.5
 13.6667 9.4 8.5
 19.6 5.84 8.5
 26 2 8.5
7
 3 18 8.5
 9.6 12.5478 9.1313
 13.4105 9.4 9.49579
 14.5 8.5 9.6
 19.6 4.28696 9.11217
 24.1842 0.5 8.67368
 26 2 8.5
