59
3
 3 18 8.5
 24.1842 0.5 8.5
 26 2 8.5
3
 3 18 8.5
 0.5 16.5714 8.5
 26 2 8.5
4
 3 18 8.5
 14.9083 0.5 8.5
 20.9645 9.4 8.5
 26 2 8.5
4
 3 18 8.5
 0.5 16.3036 8.5
 23.7895 0.5 8.5
 26 2 8.5
4
 3 18 8.5
 0.5 16.5714 8.16071
 12 10 6.6
 26 2 8.5
4
 3 18 8.5
 0.5 16.5714 8.69643
 12 10 9.6
 26 2 8.5
4
 3 18 8.5
 11.4 12.9474 8.5
 9.6 11.8647 8.5
 26 2 8.5
4
 3 18 8.5
 12.8571 9.6 8.5
 14.9694 11.4 8.5
 26 2 8.5
4
 3 18 8.5
 14.5 8.5 6.6
 24.1842 0.5 8.2
 26 2 8.5
4
 3 18 8.5
 9.4 15.4902 8.5
 0.5 12 8.5
 26 2 8.5
4
 3 18 8.5
 2.33333 18.4 8.5
 0.5 17.3 8.5
 26 2 8.5
4
 3 18 8.5
 14.5 8.5 9.6
 24.1842 0.5 8.67368
 26 2 8.5
5
 3 18 8.5
 0.5 14.9821 8.5
 12.497 0.5 8.5
 19.8698 9.4 8.5
 26 2 8.5
5
 3 18 8.5
 0.5 16.7162 8.5
 30.5 1.31081 8.5
 28.9211 0.5 8.5
 26 2 8.5
5
 3 18 8.5
 0.5 16.3036 8.16071
 12 8.5 6.6
 23.7895 0.5 8.2
 26 2 8.5
5
 3 18 8.5
 0.5 16.5714 7.96429
 6.86667 12.9333 6.6
 20.8667 4.93333 9.6
 26 2 8.5
5
 3 18 8.5
 0.5 17.1266 8.5
 9.4 14.0175 8.5
 0.5 10.9083 8.5
 26 2 8.5
5
 3 18 8.5
 0.5 16.3036 8.69643
 12 8.5 9.6
 23.7895 0.5 8.67368
 26 2 8.5
5
 3 18 8.5
 0.5 16.5714 9.03571
 3.13333 15.0667 9.6
 17.1333 7.06667 6.6
 26 2 8.5
5
 3 18 8.5
 11.4 12.9474 7.3
 9.6 11.8647 7.04286
 12.7 10 6.6
 26 2 8.5
5
 3 18 8.5
 11.4 12.9474 9.19474
 9.6 11.8647 9.34361
 12.7 10 9.6
 26 2 8.5
5
 3 18 8.5
 11.5487 9.6 8.5
 13.3805 11.4 8.5
 24.4735 0.5 8.5
 26 2 8.5
5
 3 18 8.5
 12.8571 9.6 6.87143
 14.5 11 6.6
 14.9694 11.4 6.67755
 26 2 8.5
5
 3 18 8.5
 12.8571 9.6 9.44286
 14.5 11 9.6
 14.9694 11.4 9.5551
 26 2 8.5
5
 3 18 8.5
 14.5 1.1 6.6
 14.9083 0.5 6.66746
 20.9645 9.4 7.66805
 26 2 8.5
5
 3 18 8.5
 10.2833 11.9833 6.6
 21.7833 2.48333 9.6
 24.1842 0.5 8.97368
 26 2 8.5
5
 3 18 8.5
 9.4 15.0196 8.5
 0.5 10.875 8.5
 22.7789 0.5 8.5
 26 2 8.5
5
 3 18 8.5
 9.4 15.9438 8.5
 0.5 13.0843 8.5
 30.5 3.44578 8.5
 26 2 8.5
5
 3 18 8.5
 9.4 15.4902 7.90392
 0.5 12 7.075
 5.6 10 6.6
 26 2 8.5
5
 3 18 8.5
 9.4 15.4902 8.8451
 0.5 12 9.325
 5.6 10 9.6
 26 2 8.5
5
 3 18 8.5
 3.2659 18.4 8.5
 15.1647 0.5 8.5
 21.0809 9.4 8.5
 26 2 8.5
5
 3 18 8.5
 2.43434 18.4 8.5
 0.5 17.0321 8.5
 23.8788 0.5 8.5
 26 2 8.5
5
 3 18 8.5
 2.33333 18.4 8.40952
 0.5 17.3 8.16071
 12 10.4 6.6
 26 2 8.5
5
 3 18 8.5
 2.33333 18.4 8.55238
 0.5 17.3 8.69643
 12 10.4 9.6
 26 2 8.5
5
 3 18 8.5
 3.63333 18.4 8.5
 11.4 13.4947 8.5
 9.6 12.3579 8.5
 26 2 8.5
5
 3 18 8.5
 3.97143 18.4 8.5
 9.4 16.1647 8.5
 0.5 12.5 8.5
 26 2 8.5
5
 3 18 8.5
 14.5 1.1 9.6
 14.9083 0.5 9.56095
 20.9645 9.4 8.98166
 26 2 8.5
5
 3 18 8.5
 7.21667 14.5167 9.6
 18.7167 5.01667 6.6
 24.1842 0.5 8.02632
 26 2 8.5
3
 3 18 8.5
 8.52632 0.5 8.5
 26 2 8.5
3
 3 18 8.5
 0.5 16.4328 8.5
 26 2 8.5
3
 3 18 8.5
 3.36522 18.4 8.5
 26 2 8.5
3
 3 18 8.5
 8.17606 0.5 8.5
 26 2 8.5
3
 3 18 8.5
 0.5 16.7687 8.5
 26 2 8.5
3
 3 18 8.5
 3.45405 18.4 8.5
 26 2 8.5
4
 3 18 8.5
 8.52632 0.5 6.92773
 9.67826 4.14782 6.6
 26 2 8.5
4
 3 18 8.5
 8.52632 0.5 9.41026
 9.67826 4.14782 9.6
 26 2 8.5
4
 3 18 8.5
 0.5 13.0373 8.5
 6.81579 0.5 8.5
 26 2 8.5
4
 3 18 8.5
 11.4 12.12 8.5
 9.6 10.86 8.5
 26 2 8.5
4
 3 18 8.5
 9.4 15.9481 8.5
 0.5 13.0947 8.5
 26 2 8.5
4
 3 18 8.5
 3.12263 18.4 8.5
 8.61022 0.5 8.5
 26 2 8.5
4
 3 18 8.5
 2.41739 18.4 8.5
 0.5 17.0836 8.5
 26 2 8.5
4
 3 18 8.5
 8.17606 0.5 7.0239
 9.66251 5.52563 6.6
 26 2 8.5
4
 3 18 8.5
 8.17606 0.5 9.35458
 9.66251 5.52563 9.6
 26 2 8.5
4
 3 18 8.5
 0.5 12.7015 8.5
 6.25704 0.5 8.5
 26 2 8.5
4
 3 18 8.5
 11.4 13.38 8.5
 9.6 12.39 8.5
 26 2 8.5
4
 3 18 8.5
 9.4 16.3878 8.5
 0.5 14.1458 8.5
 26 2 8.5
4
 3 18 8.5
 3.11507 18.4 8.5
 8.26438 0.5 8.5
 26 2 8.5
4
 3 18 8.5
 2.27568 18.4 8.5
 0.5 17.4194 8.5
 26 2 8.5
4
 3 18 8.5
 24.1574 0.5 7.02222
 30.5 5.28283 6.71789
 26 2 8.5
