47
 0 0 0.2
 0 0.5 0.2
 3 0.5 0.2
 3 0 0.2
 0 0 3.2
 3 0 3.2
 3 0.5 3.2
 0 0.5 3.2
 3 0 0.2
 3 0.5 0.2
 9 0.5 0.2
 9 0 0.2
 3 0 1.2
 9 0 1.2
 9 0.5 1.2
 3 0.5 1.2
 3 0 2.2
 3 0.5 2.2
 9 0.5 2.2
 9 0 2.2
 3 0 3.2
 9 0 3.2
 9 0.5 3.2
 3 0.5 3.2
 9 0 0.2
 9 0.5 0.2
 13 0.5 0.2
 13 0 0.2
 9 0 3.2
 13 0 3.2
 13 0.5 3.2
 9 0.5 3.2
 13 0 0.2
 13 0.5 0.2
 19 0.5 0.2
 19 0 0.2
 13 0 1.2
 19 0 1.2
 19 0.5 1.2
 13 0.5 1.2
 13 0 2.2
 13 0.5 2.2
 19 0.5 2.2
 19 0 2.2
 13 0 3.2
 19 0 3.2
 19 0.5 3.2
 13 0.5 3.2
 19 0 0.2
 19 0.5 0.2
 26 0.5 0.2
 26 0 0.2
 19 0 3.2
 26 0 3.2
 26 0.5 3.2
 19 0.5 3.2
 26 0 2.2
 26 0.5 2.2
 28 0.5 2.2
 28 0 2.2
 26 0 3.2
 28 0 3.2
 28 0.5 3.2
 26 0.5 3.2
 28 0 0.2
 28 0.5 0.2
 31 0.5 0.2
 31 0 0.2
 28 0 3.2
 31 0 3.2
 31 0.5 3.2
 28 0.5 3.2
 0 0.5 0.2
 0 3.5 0.2
 0.5 3.5 0.2
 0.5 0.5 0.2
 0 0.5 3.2
 0.5 0.5 3.2
 0.5 3.5 3.2
 0 3.5 3.2
 0 3.5 0.2
 0 6.5 0.2
 0.5 6.5 0.2
 0.5 3.5 0.2
 0 3.5 1.2
 0.5 3.5 1.2
 0.5 6.5 1.2
 0 6.5 1.2
 0 3.5 2.2
 0 6.5 2.2
 0.5 6.5 2.2
 0.5 3.5 2.2
 0 3.5 3.2
 0.5 3.5 3.2
 0.5 6.5 3.2
 0 6.5 3.2
 0 6.5 0.2
 0 14.5 0.2
 0.5 14.5 0.2
 0.5 6.5 0.2
 0 6.5 3.2
 0.5 6.5 3.2
 0.5 14.5 3.2
 0 14.5 3.2
 11.4 0.5 0.2
 11.4 9.4 0.2
 11.6 9.4 0.2
 11.6 0.5 0.2
 11.4 0.5 3.2
 11.6 0.5 3.2
 11.6 9.4 3.2
 11.4 9.4 3.2
 21.4 0.5 0.2
 21.4 9.4 0.2
 21.6 9.4 0.2
 21.6 0.5 0.2
 21.4 0.5 3.2
 21.6 0.5 3.2
 21.6 9.4 3.2
 21.4 9.4 3.2
 30.5 0.5 0.2
 30.5 14.5 0.2
 31 14.5 0.2
 31 0.5 0.2
 30.5 0.5 3.2
 31 0.5 3.2
 31 14.5 3.2
 30.5 14.5 3.2
 0.5 9.4 0.2
 0.5 9.6 0.2
 1.5 9.6 0.2
 1.5 9.4 0.2
 0.5 9.4 3.2
 1.5 9.4 3.2
 1.5 9.6 3.2
 0.5 9.6 3.2
 1.5 9.4 2.2
 1.5 9.6 2.2
 2.5 9.6 2.2
 2.5 9.4 2.2
 1.5 9.4 3.2
 2.5 9.4 3.2
 2.5 9.6 3.2
 1.5 9.6 3.2
 2.5 9.4 0.2
 2.5 9.6 0.2
 17.5 9.6 0.2
 17.5 9.4 0.2
 2.5 9.4 3.2
 17.5 9.4 3.2
 17.5 9.6 3.2
 2.5 9.6 3.2
 17.5 9.4 2.2
 17.5 9.6 2.2
 18.5 9.6 2.2
 18.5 9.4 2.2
 17.5 9.4 3.2
 18.5 9.4 3.2
 18.5 9.6 3.2
 17.5 9.6 3.2
 18.5 9.4 0.2
 18.5 9.6 0.2
 22.6 9.6 0.2
 22.6 9.4 0.2
 18.5 9.4 3.2
 22.6 9.4 3.2
 22.6 9.6 3.2
 18.5 9.6 3.2
 22.6 9.4 2.2
 22.6 9.6 2.2
 23.6 9.6 2.2
 23.6 9.4 2.2
 22.6 9.4 3.2
 23.6 9.4 3.2
 23.6 9.6 3.2
 22.6 9.6 3.2
 23.6 9.4 0.2
 23.6 9.6 0.2
 30.5 9.6 0.2
 30.5 9.4 0.2
 23.6 9.4 3.2
 30.5 9.4 3.2
 30.5 9.6 3.2
 23.6 9.6 3.2
 0.5 11.4 0.2
 0.5 11.6 0.2
 1.5 11.6 0.2
 1.5 11.4 0.2
 0.5 11.4 3.2
 1.5 11.4 3.2
 1.5 11.6 3.2
 0.5 11.6 3.2
 1.5 11.4 2.2
 1.5 11.6 2.2
 2.5 11.6 2.2
 2.5 11.4 2.2
 1.5 11.4 3.2
 2.5 11.4 3.2
 2.5 11.6 3.2
 1.5 11.6 3.2
 2.5 11.4 0.2
 2.5 11.6 0.2
 17.5 11.6 0.2
 17.5 11.4 0.2
 2.5 11.4 3.2
 17.5 11.4 3.2
 17.5 11.6 3.2
 2.5 11.6 3.2
 17.5 11.4 2.2
 17.5 11.6 2.2
 18.5 11.6 2.2
 18.5 11.4 2.2
 17.5 11.4 3.2
 18.5 11.4 3.2
 18.5 11.6 3.2
 17.5 11.6 3.2
 18.5 11.4 0.2
 18.5 11.6 0.2
 22.6 11.6 0.2
 22.6 11.4 0.2
 18.5 11.4 3.2
 22.6 11.4 3.2
 22.6 11.6 3.2
 18.5 11.6 3.2
 22.6 11.4 2.2
 22.6 11.6 2.2
 23.6 11.6 2.2
 23.6 11.4 2.2
 22.6 11.4 3.2
 23.6 11.4 3.2
 23.6 11.6 3.2
 22.6 11.6 3.2
 23.6 11.4 0.2
 23.6 11.6 0.2
 30.5 11.6 0.2
 30.5 11.4 0.2
 23.6 11.4 3.2
 30.5 11.4 3.2
 30.5 11.6 3.2
 23.6 11.6 3.2
 0 14.5 0.2
 0 17.5 0.2
 0.5 17.5 0.2
 0.5 14.5 0.2
 0 14.5 1.2
 0.5 14.5 1.2
 0.5 17.5 1.2
 0 17.5 1.2
 0 14.5 2.2
 0 17.5 2.2
 0.5 17.5 2.2
 0.5 14.5 2.2
 0 14.5 3.2
 0.5 14.5 3.2
 0.5 17.5 3.2
 0 17.5 3.2
 0 17.5 0.2
 0 20.5 0.2
 0.5 20.5 0.2
 0.5 17.5 0.2
 0 17.5 3.2
 0.5 17.5 3.2
 0.5 20.5 3.2
 0 20.5 3.2
 11.4 11.6 0.2
 11.4 20.5 0.2
 11.6 20.5 0.2
 11.6 11.6 0.2
 11.4 11.6 3.2
 11.6 11.6 3.2
 11.6 20.5 3.2
 11.4 20.5 3.2
 30.5 14.5 0.2
 30.5 17.5 0.2
 31 17.5 0.2
 31 14.5 0.2
 30.5 14.5 1.2
 31 14.5 1.2
 31 17.5 1.2
 30.5 17.5 1.2
 30.5 14.5 2.2
 30.5 17.5 2.2
 31 17.5 2.2
 31 14.5 2.2
 30.5 14.5 3.2
 31 14.5 3.2
 31 17.5 3.2
 30.5 17.5 3.2
 30.5 17.5 0.2
 30.5 20.5 0.2
 31 20.5 0.2
 31 17.5 0.2
 30.5 17.5 3.2
 31 17.5 3.2
 31 20.5 3.2
 30.5 20.5 3.2
 0 20.5 0.2
 0 21 0.2
 3 21 0.2
 3 20.5 0.2
 0 20.5 3.2
 3 20.5 3.2
 3 21 3.2
 0 21 3.2
 3 20.5 0.2
 3 21 0.2
 9 21 0.2
 9 20.5 0.2
 3 20.5 1.2
 9 20.5 1.2
 9 21 1.2
 3 21 1.2
 3 20.5 2.2
 3 21 2.2
 9 21 2.2
 9 20.5 2.2
 3 20.5 3.2
 9 20.5 3.2
 9 21 3.2
 3 21 3.2
 9 20.5 0.2
 9 21 0.2
 13 21 0.2
 13 20.5 0.2
 9 20.5 3.2
 13 20.5 3.2
 13 21 3.2
 9 21 3.2
 13 20.5 0.2
 13 21 0.2
 19 21 0.2
 19 20.5 0.2
 13 20.5 1.2
 19 20.5 1.2
 19 21 1.2
 13 21 1.2
 13 20.5 2.2
 13 21 2.2
 19 21 2.2
 19 20.5 2.2
 13 20.5 3.2
 19 20.5 3.2
 19 21 3.2
 13 21 3.2
 19 20.5 0.2
 19 21 0.2
 22 21 0.2
 22 20.5 0.2
 19 20.5 3.2
 22 20.5 3.2
 22 21 3.2
 19 21 3.2
 22 20.5 0.2
 22 21 0.2
 28 21 0.2
 28 20.5 0.2
 22 20.5 1.2
 28 20.5 1.2
 28 21 1.2
 22 21 1.2
 22 20.5 2.2
 22 21 2.2
 28 21 2.2
 28 20.5 2.2
 22 20.5 3.2
 28 20.5 3.2
 28 21 3.2
 22 21 3.2
 28 20.5 0.2
 28 21 0.2
 31 21 0.2
 31 20.5 0.2
 28 20.5 3.2
 31 20.5 3.2
 31 21 3.2
 28 21 3.2
