50
 0 0 6.6
 0 0.5 6.6
 3 0.5 6.6
 3 0 6.6
 0 0 9.6
 3 0 9.6
 3 0.5 9.6
 0 0.5 9.6
 3 0 6.6
 3 0.5 6.6
 9 0.5 6.6
 9 0 6.6
 3 0 7.6
 9 0 7.6
 9 0.5 7.6
 3 0.5 7.6
 3 0 8.6
 3 0.5 8.6
 9 0.5 8.6
 9 0 8.6
 3 0 9.6
 9 0 9.6
 9 0.5 9.6
 3 0.5 9.6
 9 0 6.6
 9 0.5 6.6
 13 0.5 6.6
 13 0 6.6
 9 0 9.6
 13 0 9.6
 13 0.5 9.6
 9 0.5 9.6
 13 0 6.6
 13 0.5 6.6
 19 0.5 6.6
 19 0 6.6
 13 0 7.6
 19 0 7.6
 19 0.5 7.6
 13 0.5 7.6
 13 0 8.6
 13 0.5 8.6
 19 0.5 8.6
 19 0 8.6
 13 0 9.6
 19 0 9.6
 19 0.5 9.6
 13 0.5 9.6
 19 0 6.6
 19 0.5 6.6
 22 0.5 6.6
 22 0 6.6
 19 0 9.6
 22 0 9.6
 22 0.5 9.6
 19 0.5 9.6
 22 0 6.6
 22 0.5 6.6
 28 0.5 6.6
 28 0 6.6
 22 0 7.6
 28 0 7.6
 28 0.5 7.6
 22 0.5 7.6
 22 0 8.6
 22 0.5 8.6
 28 0.5 8.6
 28 0 8.6
 22 0 9.6
 28 0 9.6
 28 0.5 9.6
 22 0.5 9.6
 28 0 6.6
 28 0.5 6.6
 31 0.5 6.6
 31 0 6.6
 28 0 9.6
 31 0 9.6
 31 0.5 9.6
 28 0.5 9.6
 0 0.5 6.6
 0 3.5 6.6
 0.5 3.5 6.6
 0.5 0.5 6.6
 0 0.5 9.6
 0.5 0.5 9.6
 0.5 3.5 9.6
 0 3.5 9.6
 0 3.5 6.6
 0 6.5 6.6
 0.5 6.5 6.6
 0.5 3.5 6.6
 0 3.5 7.6
 0.5 3.5 7.6
 0.5 6.5 7.6
 0 6.5 7.6
 0 3.5 8.6
 0 6.5 8.6
 0.5 6.5 8.6
 0.5 3.5 8.6
 0 3.5 9.6
 0.5 3.5 9.6
 0.5 6.5 9.6
 0 6.5 9.6
 0 6.5 6.6
 0 14.5 6.6
 0.5 14.5 6.6
 0.5 6.5 6.6
 0 6.5 9.6
 0.5 6.5 9.6
 0.5 14.5 9.6
 0 14.5 9.6
 9.4 0.5 6.6
 9.4 10 6.6
 9.6 10 6.6
 9.6 0.5 6.6
 9.4 0.5 9.6
 9.6 0.5 9.6
 9.6 10 9.6
 9.4 10 9.6
 9.4 10 8.6
 9.4 11 8.6
 9.6 11 8.6
 9.6 10 8.6
 9.4 10 9.6
 9.6 10 9.6
 9.6 11 9.6
 9.4 11 9.6
 9.4 11 6.6
 9.4 20.5 6.6
 9.6 20.5 6.6
 9.6 11 6.6
 9.4 11 9.6
 9.6 11 9.6
 9.6 20.5 9.6
 9.4 20.5 9.6
 0.5 18.4 6.6
 0.5 18.6 6.6
 7.4 18.6 6.6
 7.4 18.4 6.6
 0.5 18.4 9.6
 7.4 18.4 9.6
 7.4 18.6 9.6
 0.5 18.6 9.6
 7.4 18.4 8.6
 7.4 18.6 8.6
 8.4 18.6 8.6
 8.4 18.4 8.6
 7.4 18.4 9.6
 8.4 18.4 9.6
 8.4 18.6 9.6
 7.4 18.6 9.6
 8.4 18.4 6.6
 8.4 18.6 6.6
 9.4 18.6 6.6
 9.4 18.4 6.6
 8.4 18.4 9.6
 9.4 18.4 9.6
 9.4 18.6 9.6
 8.4 18.6 9.6
 11.4 0.5 6.6
 11.4 9.4 6.6
 11.6 9.4 6.6
 11.6 0.5 6.6
 11.4 0.5 9.6
 11.6 0.5 9.6
 11.6 9.4 9.6
 11.4 9.4 9.6
 19.4 0.5 6.6
 19.4 9.4 6.6
 19.6 9.4 6.6
 19.6 0.5 6.6
 19.4 0.5 9.6
 19.6 0.5 9.6
 19.6 9.4 9.6
 19.4 9.4 9.6
 30.5 0.5 6.6
 30.5 14.5 6.6
 31 14.5 6.6
 31 0.5 6.6
 30.5 0.5 9.6
 31 0.5 9.6
 31 14.5 9.6
 30.5 14.5 9.6
 11.4 9.4 6.6
 11.4 9.6 6.6
 17.5 9.6 6.6
 17.5 9.4 6.6
 11.4 9.4 9.6
 17.5 9.4 9.6
 17.5 9.6 9.6
 11.4 9.6 9.6
 17.5 9.4 8.6
 17.5 9.6 8.6
 18.5 9.6 8.6
 18.5 9.4 8.6
 17.5 9.4 9.6
 18.5 9.4 9.6
 18.5 9.6 9.6
 17.5 9.6 9.6
 18.5 9.4 6.6
 18.5 9.6 6.6
 22.6 9.6 6.6
 22.6 9.4 6.6
 18.5 9.4 9.6
 22.6 9.4 9.6
 22.6 9.6 9.6
 18.5 9.6 9.6
 22.6 9.4 8.6
 22.6 9.6 8.6
 23.6 9.6 8.6
 23.6 9.4 8.6
 22.6 9.4 9.6
 23.6 9.4 9.6
 23.6 9.6 9.6
 22.6 9.6 9.6
 23.6 9.4 6.6
 23.6 9.6 6.6
 30.5 9.6 6.6
 30.5 9.4 6.6
 23.6 9.4 9.6
 30.5 9.4 9.6
 30.5 9.6 9.6
 23.6 9.6 9.6
 11.4 11.4 6.6
 11.4 11.6 6.6
 17.5 11.6 6.6
 17.5 11.4 6.6
 11.4 11.4 9.6
 17.5 11.4 9.6
 17.5 11.6 9.6
 11.4 11.6 9.6
 17.5 11.4 8.6
 17.5 11.6 8.6
 18.5 11.6 8.6
 18.5 11.4 8.6
 17.5 11.4 9.6
 18.5 11.4 9.6
 18.5 11.6 9.6
 17.5 11.6 9.6
 18.5 11.4 6.6
 18.5 11.6 6.6
 22.6 11.6 6.6
 22.6 11.4 6.6
 18.5 11.4 9.6
 22.6 11.4 9.6
 22.6 11.6 9.6
 18.5 11.6 9.6
 22.6 11.4 8.6
 22.6 11.6 8.6
 23.6 11.6 8.6
 23.6 11.4 8.6
 22.6 11.4 9.6
 23.6 11.4 9.6
 23.6 11.6 9.6
 22.6 11.6 9.6
 23.6 11.4 6.6
 23.6 11.6 6.6
 30.5 11.6 6.6
 30.5 11.4 6.6
 23.6 11.4 9.6
 30.5 11.4 9.6
 30.5 11.6 9.6
 23.6 11.6 9.6
 0 14.5 6.6
 0 17.5 6.6
 0.5 17.5 6.6
 0.5 14.5 6.6
 0 14.5 7.6
 0.5 14.5 7.6
 0.5 17.5 7.6
 0 17.5 7.6
 0 14.5 8.6
 0 17.5 8.6
 0.5 17.5 8.6
 0.5 14.5 8.6
 0 14.5 9.6
 0.5 14.5 9.6
 0.5 17.5 9.6
 0 17.5 9.6
 0 17.5 6.6
 0 20.5 6.6
 0.5 20.5 6.6
 0.5 17.5 6.6
 0 17.5 9.6
 0.5 17.5 9.6
 0.5 20.5 9.6
 0 20.5 9.6
 11.4 11.6 6.6
 11.4 20.5 6.6
 11.6 20.5 6.6
 11.6 11.6 6.6
 11.4 11.6 9.6
 11.6 11.6 9.6
 11.6 20.5 9.6
 11.4 20.5 9.6
 30.5 14.5 6.6
 30.5 17.5 6.6
 31 17.5 6.6
 31 14.5 6.6
 30.5 14.5 7.6
 31 14.5 7.6
 31 17.5 7.6
 30.5 17.5 7.6
 30.5 14.5 8.6
 30.5 17.5 8.6
 31 17.5 8.6
 31 14.5 8.6
 30.5 14.5 9.6
 31 14.5 9.6
 31 17.5 9.6
 30.5 17.5 9.6
 30.5 17.5 6.6
 30.5 20.5 6.6
 31 20.5 6.6
 31 17.5 6.6
 30.5 17.5 9.6
 31 17.5 9.6
 31 20.5 9.6
 30.5 20.5 9.6
 0 20.5 6.6
 0 21 6.6
 3 21 6.6
 3 20.5 6.6
 0 20.5 9.6
 3 20.5 9.6
 3 21 9.6
 0 21 9.6
 3 20.5 6.6
 3 21 6.6
 9 21 6.6
 9 20.5 6.6
 3 20.5 7.6
 9 20.5 7.6
 9 21 7.6
 3 21 7.6
 3 20.5 8.6
 3 21 8.6
 9 21 8.6
 9 20.5 8.6
 3 20.5 9.6
 9 20.5 9.6
 9 21 9.6
 3 21 9.6
 9 20.5 6.6
 9 21 6.6
 13 21 6.6
 13 20.5 6.6
 9 20.5 9.6
 13 20.5 9.6
 13 21 9.6
 9 21 9.6
 13 20.5 6.6
 13 21 6.6
 19 21 6.6
 19 20.5 6.6
 13 20.5 7.6
 19 20.5 7.6
 19 21 7.6
 13 21 7.6
 13 20.5 8.6
 13 21 8.6
 19 21 8.6
 19 20.5 8.6
 13 20.5 9.6
 19 20.5 9.6
 19 21 9.6
 13 21 9.6
 19 20.5 6.6
 19 21 6.6
 22 21 6.6
 22 20.5 6.6
 19 20.5 9.6
 22 20.5 9.6
 22 21 9.6
 19 21 9.6
 22 20.5 6.6
 22 21 6.6
 28 21 6.6
 28 20.5 6.6
 22 20.5 7.6
 28 20.5 7.6
 28 21 7.6
 22 21 7.6
 22 20.5 8.6
 22 21 8.6
 28 21 8.6
 28 20.5 8.6
 22 20.5 9.6
 28 20.5 9.6
 28 21 9.6
 22 21 9.6
 28 20.5 6.6
 28 21 6.6
 31 21 6.6
 31 20.5 6.6
 28 20.5 9.6
 31 20.5 9.6
 31 21 9.6
 28 21 9.6
