1.468  0.0484876  69.8
2.468  0.0208211  76
3.468  0.145025  72.2
4.468  0.477169  58.9
5.468  0.952982  55.3
6.468  0.377668  65
7.468  0.118922  75
8.468  0.118472  72.6
9.468  0.0773429  75.1
10.468  0.0456505  83.7
11.468  0.0340685  79.9
12.468  0.0726797  73.6
12.718  0.0593678  82.9
12.968  0.0483258  79.4
13.218  0.0446498  81.6
13.468  0.0559133  80
13.718  0.0416086  92.9
13.968  0.0359998  90.2
14.218  0.0305709  81.4
14.468  0.0192804  85.2
14.718  0.0248762  91.5
14.968  0.0292929  86.2
15.218  0.0235685  71.1
15.468  0.0220469  87.6
15.718  0.0112576  82.3
15.968  0.00811734  80.8
16.218  0.0366506  81.7
16.468  0.0273425  76.6
16.718  0.0410679  79.9
16.968  0.0366529  78.5
17.218  0.0472949  76.8
17.468  0.0342254  79.4
17.718  0.0376979  79.2
17.968  0.0209817  77
18.218  0.0245148  83.2
18.468  0.0348327  81.6
