1.468  0.0824688  69.8
2.468  0.0452252  76
3.468  0.213596  72.2
4.468  0.480586  58.9
5.468  0.616035  55.3
6.468  0.386964  65
7.468  0.234384  75
8.468  0.128436  72.6
9.468  0.101571  75.1
10.468  0.0505995  83.7
11.468  0.0306594  79.9
12.468  0.0791105  73.6
12.718  0.0695803  82.9
12.968  0.0681403  79.4
13.218  0.049322  81.6
13.468  0.0635723  80
13.718  0.0336893  92.9
13.968  0.0365957  90.2
14.218  0.0350422  81.4
14.468  0.0124386  85.2
14.718  0.0135051  91.5
14.968  0.0260623  86.2
15.218  0.0358578  71.1
15.468  0.0282542  87.6
15.718  0.0237009  82.3
15.968  0.0213157  80.8
16.218  0.0427248  81.7
16.468  0.0353503  76.6
16.718  0.032347  79.9
16.968  0.0293437  78.5
17.218  0.0445672  76.8
17.468  0.0310906  79.4
17.718  0.0320984  79.2
17.968  0.0161682  77
18.218  0.0197957  83.2
18.468  0.0304886  81.6
