1.468  0.110436  69.8
2.468  0.0852742  76
3.468  0.238415  72.2
4.468  0.44968  58.9
5.468  0.800719  55.3
6.468  0.0786899  65
7.468  0.219591  75
8.468  0.0788581  72.6
9.468  0.105224  75.1
10.468  0.0575691  83.7
11.468  0.0551345  79.9
12.468  0.0704942  73.6
12.718  0.0595613  82.9
12.968  0.0523561  79.4
13.218  0.0499158  81.6
13.468  0.057793  80
13.718  0.0182867  92.9
13.968  0.0298528  90.2
14.218  0.0369202  81.4
14.468  0.024649  85.2
14.718  0.0253813  91.5
14.968  0.0344053  86.2
15.218  0.0434466  71.1
15.468  0.0308166  87.6
15.718  0.0172569  82.3
15.968  0.0140374  80.8
16.218  0.0335605  81.7
16.468  0.0299577  76.6
16.718  0.0305142  79.9
16.968  0.0308677  78.5
17.218  0.0397093  76.8
17.468  0.0256221  79.4
17.718  0.0322462  79.2
17.968  0.017376  77
18.218  0.0192996  83.2
18.468  0.0275482  81.6
