1.468  0.0890689  69.8
2.468  0.0997564  76
3.468  0.325682  72.2
4.468  0.458993  58.9
5.468  0.70855  55.3
6.468  0.3692  65
7.468  0.243808  75
8.468  0.125261  72.6
9.468  0.101047  75.1
10.468  0.0357534  83.7
11.468  0.0308639  79.9
12.468  0.053126  73.6
12.718  0.0454153  82.9
12.968  0.0408261  79.4
13.218  0.0204468  81.6
13.468  0.0332589  80
13.718  0.0360826  92.9
13.968  0.0170473  90.2
14.218  0.0367166  81.4
14.468  0.0126437  85.2
14.718  0.0222076  91.5
14.968  0.0312382  86.2
15.218  0.0361382  71.1
15.468  0.0285169  87.6
15.718  0.0237308  82.3
15.968  0.0171157  80.8
16.218  0.039508  81.7
16.468  0.0247057  76.6
16.718  0.0231915  79.9
16.968  0.019315  78.5
17.218  0.0335684  76.8
17.468  0.0231108  79.4
17.718  0.0190967  79.2
17.968  0.0077488  77
18.218  0.0132317  83.2
18.468  0.0355518  81.6
