0.00534472
(  5.468 6.51 1.45 )  111  -1  -1   TRANSMITTER 

(  7.493 6.19846 1.47025 )  57  2  -1   TRANSMISSION 

(  11.919 5.51754 1.51451 )  58  2  -1   TRANSMISSION 

(  13.529 5.26985 1.53061 )  45  2  -1   TRANSMISSION 

(  13.814 5.226 1.53346 )  95  1  -1   TRANSMISSION 

(  18.468 4.51 1.58 )  114  0  -1   RECEIVER 

0.00650532
(  5.468 6.51 1.45 )  111  -1  -1   TRANSMITTER 

(  7.493 6.19846 0.978019 )  57  2  -1   TRANSMISSION 

(  11.6891 5.5529 0 )  0  5  -1   REFLECTION 

(  11.919 5.51754 0.0535792 )  58  2  -1   TRANSMISSION 

(  13.529 5.26985 0.428833 )  45  2  -1   TRANSMISSION 

(  13.814 5.226 0.49526 )  95  1  -1   TRANSMISSION 

(  18.468 4.51 1.58 )  114  -1  -1   RECEIVER 

0.00515154
(  5.468 6.51 1.45 )  111  -1  -1   TRANSMITTER 

(  3.318 6.26145 1.46616 )  28  2  -1   REFLECTION 

(  7.493 5.77879 1.49753 )  57  2  -1   TRANSMISSION 

(  12.2746 5.226 1.53346 )  45  1  -1   TRANSMISSION 

(  18.468 4.51 1.58 )  114  -1  -1   RECEIVER 

0.00805046
(  5.468 6.51 1.45 )  111  -1  -1   TRANSMITTER 

(  7.493 6.22248 1.46869 )  57  2  -1   TRANSMISSION 

(  11.919 5.59406 1.50954 )  58  2  -1   TRANSMISSION 

(  14.5112 5.226 1.53346 )  95  1  -1   TRANSMISSION 

(  19.011 4.5871 1.57499 )  34  3  -1   REFLECTION 

(  18.468 4.51 1.58 )  114  -1  -1   RECEIVER 

0.027293
(  5.468 6.51 1.45 )  111  -1  -1   TRANSMITTER 

(  7.493 5.96699 1.47025 )  57  2  -1   TRANSMISSION 

(  10.2563 5.226 1.49788 )  93  1  -1   TRANSMISSION 

(  15.6972 3.767 1.55229 )  48  4  -1   REFLECTION 

(  18.468 4.51 1.58 )  114  -1  -1   RECEIVER 

0.0301384
(  5.468 6.51 1.45 )  111  -1  -1   TRANSMITTER 

(  7.493 7.37732 1.47025 )  57  2  -1   TRANSMISSION 

(  9.63323 8.294 1.49165 )  70  1  -1   REFLECTION 

(  11.919 7.31499 1.51451 )  58  2  -1   TRANSMISSION 

(  16.294 5.44114 1.55826 )  59  2  -1   TRANSMISSION 

(  16.7963 5.226 1.56328 )  52  1  -1   TRANSMISSION 

(  18.468 4.51 1.58 )  114  -1  -1   RECEIVER 

0.0279277
(  5.468 6.51 1.45 )  111  -1  -1   TRANSMITTER 

(  7.493 6.19846 1.78023 )  57  2  -1   TRANSMISSION 

(  11.919 5.51754 2.50201 )  58  2  -1   TRANSMISSION 

(  12.3666 5.44868 2.575 )  116  0  -1   REFLECTION 

(  13.529 5.26985 2.38544 )  45  2  -1   TRANSMISSION 

(  13.814 5.226 2.33896 )  47  1  -1   TRANSMISSION 

(  18.468 4.51 1.58 )  114  -1  -1   RECEIVER 

0.0275141
(  5.468 6.51 1.45 )  111  -1  -1   TRANSMITTER 

(  7.493 6.22248 1.01441 )  57  2  -1   TRANSMISSION 

(  11.919 5.59406 0.0623435 )  58  2  -1   TRANSMISSION 

(  12.2088 5.5529 0 )  0  5  -1   REFLECTION 

(  14.5112 5.226 0.49526 )  95  1  -1   TRANSMISSION 

(  19.011 4.5871 1.4632 )  34  3  -1   REFLECTION 

(  18.468 4.51 1.58 )  114  -1  -1   RECEIVER 

0.0326978
(  5.468 6.51 1.45 )  111  -1  -1   TRANSMITTER 

(  7.493 5.96699 0.978019 )  57  2  -1   TRANSMISSION 

(  10.2563 5.226 0.333959 )  93  1  -1   TRANSMISSION 

(  11.6891 4.84178 -1.11022e-16 )  0  5  -1   REFLECTION 

(  15.6972 3.767 0.934191 )  48  4  -1   REFLECTION 

(  18.468 4.51 1.58 )  114  -1  -1   RECEIVER 

0.0321118
(  5.468 6.51 1.45 )  111  -1  -1   TRANSMITTER 

(  3.118 6.16487 1.46287 )  28  3  -1   TRANSMISSION 

(  0.1 5.72163 1.4794 )  24  2  -1   REFLECTION 

(  3.318 5.24901 1.49702 )  28  2  -1   TRANSMISSION 

(  3.47469 5.226 1.49788 )  37  1  -1   TRANSMISSION 

(  13.409 3.767 1.55229 )  44  4  -1   REFLECTION 

(  18.468 4.51 1.58 )  114  -1  -1   RECEIVER 

0.0323292
(  5.468 6.51 1.45 )  111  -1  -1   TRANSMITTER 

(  3.318 6.26145 1.07344 )  28  2  -1   REFLECTION 

(  7.493 5.77879 0.342211 )  57  2  -1   TRANSMISSION 

(  9.44688 5.5529 0 )  0  5  -1   REFLECTION 

(  12.2746 5.226 0.49526 )  45  1  -1   TRANSMISSION 

(  18.468 4.51 1.58 )  114  -1  -1   RECEIVER 

0.0326214
(  5.468 6.51 1.45 )  111  -1  -1   TRANSMITTER 

(  3.318 6.27613 1.4652 )  28  2  -1   REFLECTION 

(  7.493 5.82198 1.49472 )  57  2  -1   TRANSMISSION 

(  11.919 5.34052 1.52602 )  58  2  -1   TRANSMISSION 

(  12.9718 5.226 1.53346 )  45  1  -1   TRANSMISSION 

(  19.011 4.56907 1.57616 )  34  3  -1   REFLECTION 

(  18.468 4.51 1.58 )  114  -1  -1   RECEIVER 

0.0308333
(  5.468 6.51 1.45 )  111  -1  -1   TRANSMITTER 

(  3.318 6.07677 1.46616 )  28  2  -1   REFLECTION 

(  7.54012 5.226 1.49788 )  41  1  -1   TRANSMISSION 

(  14.7807 3.767 1.55229 )  48  4  -1   REFLECTION 

(  18.468 4.51 1.58 )  114  -1  -1   RECEIVER 

0.0305191
(  5.468 6.51 1.45 )  111  -1  -1   TRANSMITTER 

(  3.318 7.20198 1.46616 )  28  2  -1   REFLECTION 

(  6.71096 8.294 1.49165 )  98  1  -1   REFLECTION 

(  7.493 8.0423 1.49753 )  57  2  -1   TRANSMISSION 

(  11.919 6.61779 1.53079 )  58  2  -1   TRANSMISSION 

(  16.194 5.24189 1.56291 )  49  2  -1   TRANSMISSION 

(  16.294 5.2097 1.56366 )  59  2  -1   TRANSMISSION 

(  18.468 4.51 1.58 )  114  -1  -1   RECEIVER 

0.0314393
(  5.468 6.51 1.45 )  111  -1  -1   TRANSMITTER 

(  3.318 6.26145 1.71347 )  28  2  -1   REFLECTION 

(  7.493 5.77879 2.22509 )  57  2  -1   TRANSMISSION 

(  10.3484 5.44868 2.575 )  116  0  -1   REFLECTION 

(  12.2746 5.226 2.33896 )  45  1  -1   TRANSMISSION 

(  18.468 4.51 1.58 )  114  -1  -1   RECEIVER 

0.0314383
(  5.468 6.51 1.45 )  111  -1  -1   TRANSMITTER 

(  7.393 6.37044 1.45907 )  57  3  -1   REFLECTION 

(  3.118 6.0605 1.47922 )  28  3  -1   TRANSMISSION 

(  0.1 5.84169 1.49344 )  24  2  -1   REFLECTION 

(  3.318 5.60838 1.50861 )  28  2  -1   TRANSMISSION 

(  8.59221 5.226 1.53346 )  41  1  -1   TRANSMISSION 

(  18.468 4.51 1.58 )  114  -1  -1   RECEIVER 

0.030475
(  5.468 6.51 1.45 )  111  -1  -1   TRANSMITTER 

(  7.393 6.32797 1.46183 )  57  3  -1   REFLECTION 

(  3.318 5.94262 1.48688 )  28  2  -1   REFLECTION 

(  7.493 5.54783 1.51254 )  57  2  -1   TRANSMISSION 

(  10.31 5.28144 1.52986 )  93  2  -1   TRANSMISSION 

(  10.8963 5.226 1.53346 )  45  1  -1   TRANSMISSION 

(  18.468 4.51 1.58 )  114  -1  -1   RECEIVER 

0.0303394
(  5.468 6.51 1.45 )  111  -1  -1   TRANSMITTER 

(  7.493 6.37501 1.45877 )  57  2  -1   TRANSMISSION 

(  11.819 6.08663 1.47752 )  58  3  -1   REFLECTION 

(  7.393 5.79158 1.4967 )  57  3  -1   TRANSMISSION 

(  3.318 5.51993 1.51435 )  28  2  -1   REFLECTION 

(  7.72728 5.226 1.53346 )  41  1  -1   TRANSMISSION 

(  18.468 4.51 1.58 )  114  -1  -1   RECEIVER 

0.0307614
(  5.468 6.51 1.45 )  111  -1  -1   TRANSMITTER 

(  7.493 6.32295 1.46216 )  57  2  -1   TRANSMISSION 

(  11.819 5.92336 1.48813 )  58  3  -1   REFLECTION 

(  7.493 5.52376 1.51411 )  57  2  -1   REFLECTION 

(  10.31 5.26356 1.53102 )  93  2  -1   TRANSMISSION 

(  10.7166 5.226 1.53346 )  45  1  -1   TRANSMISSION 

(  18.468 4.51 1.58 )  114  -1  -1   RECEIVER 

0.0305274
(  5.468 6.51 1.45 )  111  -1  -1   TRANSMITTER 

(  7.493 6.39761 1.45731 )  57  2  -1   TRANSMISSION 

(  11.919 6.15195 1.47327 )  58  2  -1   TRANSMISSION 

(  16.194 5.91467 1.4887 )  59  3  -1   REFLECTION 

(  11.819 5.67185 1.50448 )  58  3  -1   TRANSMISSION 

(  7.393 5.42619 1.52045 )  57  3  -1   TRANSMISSION 

(  4.677 5.27544 1.53025 )  37  2  -1   REFLECTION 

(  18.468 4.51 1.58 )  114  -1  -1   RECEIVER 

0.028661
(  5.468 6.51 1.45 )  111  -1  -1   TRANSMITTER 

(  7.493 6.00885 1.46869 )  57  2  -1   TRANSMISSION 

(  10.31 5.3117 1.49469 )  93  2  -1   TRANSMISSION 

(  10.6563 5.226 1.49788 )  45  1  -1   TRANSMISSION 

(  16.294 3.83078 1.54991 )  31  2  -1   TRANSMISSION 

(  16.5517 3.767 1.55229 )  50  4  -1   REFLECTION 

(  19.011 4.37562 1.57499 )  34  3  -1   REFLECTION 

(  18.468 4.51 1.58 )  114  -1  -1   RECEIVER 

0.0346414
(  5.468 6.51 1.45 )  111  -1  -1   TRANSMITTER 

(  7.493 5.74393 1.47025 )  57  2  -1   TRANSMISSION 

(  8.86206 5.226 1.48394 )  41  1  -1   TRANSMISSION 

(  12.7187 3.767 1.52251 )  44  4  -1   REFLECTION 

(  16.5754 5.226 1.56107 )  52  1  -1   REFLECTION 

(  18.468 4.51 1.58 )  114  -1  -1   RECEIVER 

0.0338309
(  5.468 6.51 1.45 )  111  -1  -1   TRANSMITTER 

(  6.97804 5.226 1.4651 )  41  1  -1   TRANSMISSION 

(  8.69389 3.767 1.48226 )  40  4  -1   REFLECTION 

(  10.5273 5.326 1.50059 )  45  4  -1   TRANSMISSION 

(  11.919 6.50933 1.51451 )  58  2  -1   TRANSMISSION 

(  14.0178 8.294 1.5355 )  76  1  -1   REFLECTION 

(  16.294 6.35857 1.55826 )  59  2  -1   TRANSMISSION 

(  18.468 4.51 1.58 )  114  -1  -1   RECEIVER 

0.0346905
(  5.468 6.51 1.45 )  111  -1  -1   TRANSMITTER 

(  7.493 7.37732 0.978019 )  57  2  -1   TRANSMISSION 

(  9.63323 8.294 0.479181 )  70  1  -1   REFLECTION 

(  11.6891 7.41345 3.46945e-18 )  0  5  -1   REFLECTION 

(  11.919 7.31499 0.0535792 )  58  2  -1   TRANSMISSION 

(  16.294 5.44114 1.07329 )  59  2  -1   TRANSMISSION 

(  16.7963 5.226 1.19037 )  52  1  -1   TRANSMISSION 

(  18.468 4.51 1.58 )  114  -1  -1   RECEIVER 

0.0310771
(  5.468 6.51 1.45 )  111  -1  -1   TRANSMITTER 

(  7.493 7.31045 1.46869 )  57  2  -1   TRANSMISSION 

(  9.98119 8.294 1.49165 )  70  1  -1   REFLECTION 

(  11.919 7.52801 1.50954 )  58  2  -1   TRANSMISSION 

(  16.294 5.79863 1.54991 )  59  2  -1   TRANSMISSION 

(  19.011 4.72464 1.57499 )  34  3  -1   REFLECTION 

(  18.468 4.51 1.58 )  114  -1  -1   RECEIVER 

0.0328712
(  5.468 6.51 1.45 )  111  -1  -1   TRANSMITTER 

(  7.493 7.6088 1.47025 )  57  2  -1   TRANSMISSION 

(  8.75578 8.294 1.48288 )  99  1  -1   REFLECTION 

(  11.919 6.57759 1.51451 )  58  2  -1   TRANSMISSION 

(  14.4099 5.226 1.53942 )  95  1  -1   TRANSMISSION 

(  17.0987 3.767 1.56631 )  96  4  -1   REFLECTION 

(  18.468 4.51 1.58 )  114  -1  -1   RECEIVER 

0.031229
(  5.468 6.51 1.45 )  111  -1  -1   TRANSMITTER 

(  7.493 7.37732 1.78023 )  57  2  -1   TRANSMISSION 

(  9.63323 8.294 2.12925 )  70  1  -1   REFLECTION 

(  11.919 7.31499 2.50201 )  58  2  -1   TRANSMISSION 

(  12.3666 7.12328 2.575 )  116  0  -1   REFLECTION 

(  16.294 5.44114 1.93453 )  59  2  -1   TRANSMISSION 

(  16.7963 5.226 1.85261 )  52  1  -1   TRANSMISSION 

(  18.468 4.51 1.58 )  114  -1  -1   RECEIVER 

0.031245
(  5.468 6.51 1.45 )  111  -1  -1   TRANSMITTER 

(  7.493 6.19846 2.27246 )  57  2  -1   TRANSMISSION 

(  8.23789 6.08386 2.575 )  116  0  -1   REFLECTION 

(  11.919 5.51754 1.0799 )  58  2  -1   TRANSMISSION 

(  13.529 5.26985 0.425994 )  45  2  -1   TRANSMISSION 

(  13.814 5.226 0.31024 )  95  1  -1   TRANSMISSION 

(  14.5778 5.10848 0 )  0  5  -1   REFLECTION 

(  18.468 4.51 1.58 )  114  -1  -1   RECEIVER 

0.0313162
(  5.468 6.51 1.45 )  111  -1  -1   TRANSMITTER 

(  7.493 6.22248 1.75477 )  57  2  -1   TRANSMISSION 

(  11.919 5.59406 2.4209 )  58  2  -1   TRANSMISSION 

(  12.9429 5.44868 2.575 )  116  0  -1   REFLECTION 

(  14.5112 5.226 2.33896 )  47  1  -1   TRANSMISSION 

(  16.294 4.97287 2.07064 )  33  2  -1   TRANSMISSION 

(  19.011 4.5871 1.66172 )  34  3  -1   REFLECTION 

(  18.468 4.51 1.58 )  114  -1  -1   RECEIVER 

0.0285816
(  5.468 6.51 1.45 )  111  -1  -1   TRANSMITTER 

(  7.493 5.96699 1.78023 )  57  2  -1   TRANSMISSION 

(  10.2563 5.226 2.23086 )  43  1  -1   TRANSMISSION 

(  12.3666 4.66012 2.575 )  116  0  -1   REFLECTION 

(  15.6972 3.767 2.03185 )  48  4  -1   REFLECTION 

(  18.468 4.51 1.58 )  114  -1  -1   RECEIVER 

0.0282408
(  5.468 6.51 1.45 )  111  -1  -1   TRANSMITTER 

(  7.493 6.00885 1.01441 )  57  2  -1   TRANSMISSION 

(  10.31 5.3117 0.408451 )  93  2  -1   TRANSMISSION 

(  10.6563 5.226 0.333959 )  45  1  -1   TRANSMISSION 

(  12.2088 4.84178 0 )  0  5  -1   REFLECTION 

(  16.294 3.83078 0.878751 )  31  2  -1   TRANSMISSION 

(  16.5517 3.767 0.934191 )  50  4  -1   REFLECTION 

(  19.011 4.37562 1.4632 )  34  3  -1   REFLECTION 

(  18.468 4.51 1.58 )  114  -1  -1   RECEIVER 

0.0297991
(  5.468 6.51 1.45 )  111  -1  -1   TRANSMITTER 

(  7.493 5.74393 0.978019 )  57  2  -1   TRANSMISSION 

(  8.86206 5.226 0.658922 )  41  1  -1   TRANSMISSION 

(  11.6891 4.1565 0 )  0  5  -1   REFLECTION 

(  12.7187 3.767 0.239974 )  44  4  -1   REFLECTION 

(  16.5754 5.226 1.13887 )  52  1  -1   REFLECTION 

(  18.468 4.51 1.58 )  114  -1  -1   RECEIVER 

0.0298615
(  5.468 6.51 1.45 )  111  -1  -1   TRANSMITTER 

(  7.493 5.96699 0.668038 )  57  2  -1   TRANSMISSION 

(  9.22298 5.50309 0 )  0  5  -1   REFLECTION 

(  10.2563 5.226 0.399019 )  93  1  -1   TRANSMISSION 

(  15.6972 3.767 2.50005 )  48  4  -1   REFLECTION 

(  15.8913 3.81905 2.575 )  116  0  -1   REFLECTION 

(  16.294 3.92703 2.4195 )  33  2  -1   TRANSMISSION 

(  18.468 4.51 1.58 )  114  -1  -1   RECEIVER 

0.0298586
(  5.468 6.51 1.45 )  111  -1  -1   TRANSMITTER 

(  7.493 7.37732 0.668038 )  57  2  -1   TRANSMISSION 

(  9.22298 8.11829 0 )  0  5  -1   REFLECTION 

(  9.63323 8.294 0.15842 )  70  1  -1   REFLECTION 

(  11.919 7.31499 1.04108 )  58  2  -1   TRANSMISSION 

(  15.8913 5.61362 2.575 )  116  0  -1   REFLECTION 

(  16.294 5.44114 2.4195 )  59  2  -1   TRANSMISSION 

(  16.7963 5.226 2.22553 )  52  1  -1   TRANSMISSION 

(  18.468 4.51 1.58 )  114  -1  -1   RECEIVER 

0.0298347
(  5.468 6.51 1.45 )  111  -1  -1   TRANSMITTER 

(  7.493 6.22248 0.728326 )  57  2  -1   TRANSMISSION 

(  9.53667 5.93231 -1.11022e-16 )  0  5  -1   REFLECTION 

(  11.919 5.59406 0.849022 )  58  2  -1   TRANSMISSION 

(  14.5112 5.226 1.77284 )  95  1  -1   TRANSMISSION 

(  16.294 4.97287 2.40819 )  33  2  -1   TRANSMISSION 

(  16.7621 4.90641 2.575 )  116  0  -1   REFLECTION 

(  19.011 4.5871 1.77352 )  34  3  -1   REFLECTION 

(  18.468 4.51 1.58 )  114  -1  -1   RECEIVER 

0.0298619
(  5.468 6.51 1.45 )  111  -1  -1   TRANSMITTER 

(  3.118 6.16487 1.15001 )  28  3  -1   TRANSMISSION 

(  0.1 5.72163 0.764752 )  24  2  -1   REFLECTION 

(  3.318 5.24901 0.353961 )  28  2  -1   TRANSMISSION 

(  3.47469 5.226 0.333959 )  37  1  -1   TRANSMISSION 

(  6.09081 4.84178 -1.11022e-16 )  0  5  -1   REFLECTION 

(  13.409 3.767 0.934191 )  44  4  -1   REFLECTION 

(  18.468 4.51 1.58 )  114  -1  -1   RECEIVER 

0.0298688
(  5.468 6.51 1.45 )  111  -1  -1   TRANSMITTER 

(  3.118 6.35213 1.46026 )  28  3  -1   TRANSMISSION 

(  0.1 6.14939 1.47344 )  24  2  -1   REFLECTION 

(  3.118 5.94665 1.48662 )  28  3  -1   REFLECTION 

(  0.1 5.74391 1.4998 )  24  2  -1   REFLECTION 

(  3.318 5.52773 1.51385 )  28  2  -1   TRANSMISSION 

(  7.80962 5.226 1.53346 )  41  1  -1   TRANSMISSION 

(  18.468 4.51 1.58 )  114  -1  -1   RECEIVER 

0.0298742
(  5.468 6.51 1.45 )  111  -1  -1   TRANSMITTER 

(  3.118 6.3626 1.45958 )  28  3  -1   TRANSMISSION 

(  0.1 6.1733 1.47189 )  24  2  -1   REFLECTION 

(  3.318 5.97146 1.48501 )  28  2  -1   TRANSMISSION 

(  7.393 5.71586 1.50162 )  57  3  -1   REFLECTION 

(  3.318 5.46026 1.51823 )  28  2  -1   REFLECTION 

(  7.05281 5.226 1.53346 )  41  1  -1   TRANSMISSION 

(  18.468 4.51 1.58 )  114  -1  -1   RECEIVER 

0.0296876
(  5.468 6.51 1.45 )  111  -1  -1   TRANSMITTER 

(  3.118 6.17997 1.46231 )  28  3  -1   TRANSMISSION 

(  0.1 5.75612 1.47811 )  24  2  -1   REFLECTION 

(  3.318 5.30418 1.49497 )  28  2  -1   TRANSMISSION 

(  3.8747 5.226 1.49788 )  37  1  -1   TRANSMISSION 

(  14.2635 3.767 1.55229 )  94  4  -1   REFLECTION 

(  19.011 4.43374 1.57716 )  34  3  -1   REFLECTION 

(  18.468 4.51 1.58 )  114  -1  -1   RECEIVER 

0.0316929
(  5.468 6.51 1.45 )  111  -1  -1   TRANSMITTER 

(  3.118 6.02309 1.46287 )  28  3  -1   TRANSMISSION 

(  0.1 5.39777 1.4794 )  24  2  -1   REFLECTION 

(  7.97068 3.767 1.52251 )  40  4  -1   REFLECTION 

(  15.0123 5.226 1.56107 )  49  1  -1   REFLECTION 

(  18.468 4.51 1.58 )  114  -1  -1   RECEIVER 

0.0317274
(  5.468 6.51 1.45 )  111  -1  -1   TRANSMITTER 

(  3.118 7.18859 1.46287 )  28  3  -1   TRANSMISSION 

(  0.1 8.06006 1.4794 )  24  2  -1   REFLECTION 

(  0.910148 8.294 1.48384 )  61  1  -1   REFLECTION 

(  3.318 7.59871 1.49702 )  28  2  -1   TRANSMISSION 

(  7.493 6.39314 1.51989 )  57  2  -1   TRANSMISSION 

(  11.5349 5.226 1.54203 )  45  1  -1   TRANSMISSION 

(  16.2412 3.867 1.5678 )  31  4  -1   REFLECTION 

(  18.468 4.51 1.58 )  114  -1  -1   RECEIVER 

0.0316485
(  5.468 6.51 1.45 )  111  -1  -1   TRANSMITTER 

(  3.118 6.16487 1.65989 )  28  3  -1   TRANSMISSION 

(  0.1 5.72163 1.92945 )  24  2  -1   REFLECTION 

(  3.318 5.24901 2.21687 )  28  2  -1   TRANSMISSION 

(  3.47469 5.226 2.23086 )  37  1  -1   TRANSMISSION 

(  7.32775 4.66012 2.575 )  116  0  -1   REFLECTION 

(  13.409 3.767 2.03185 )  44  4  -1   REFLECTION 

(  18.468 4.51 1.58 )  114  -1  -1   RECEIVER 

0.0311967
(  5.468 6.51 1.45 )  111  -1  -1   TRANSMITTER 

(  3.318 6.27613 1.09568 )  28  2  -1   REFLECTION 

(  7.493 5.82198 0.407644 )  57  2  -1   TRANSMISSION 

(  9.96658 5.5529 0 )  0  5  -1   REFLECTION 

(  11.919 5.34052 0.321757 )  58  2  -1   TRANSMISSION 

(  12.9718 5.226 0.49526 )  45  1  -1   TRANSMISSION 

(  19.011 4.56907 1.49051 )  34  3  -1   REFLECTION 

(  18.468 4.51 1.58 )  114  -1  -1   RECEIVER 

0.0311516
(  5.468 6.51 1.45 )  111  -1  -1   TRANSMITTER 

(  3.318 6.07677 1.07344 )  28  2  -1   REFLECTION 

(  7.54012 5.226 0.333959 )  41  1  -1   TRANSMISSION 

(  9.44688 4.84178 0 )  0  5  -1   REFLECTION 

(  14.7807 3.767 0.934191 )  48  4  -1   REFLECTION 

(  18.468 4.51 1.58 )  114  -1  -1   RECEIVER 

0.0312127
(  5.468 6.51 1.45 )  111  -1  -1   TRANSMITTER 

(  3.318 6.26145 0.826127 )  28  2  -1   REFLECTION 

(  6.16501 5.93231 0 )  0  5  -1   REFLECTION 

(  7.493 5.77879 0.385347 )  57  2  -1   TRANSMISSION 

(  12.2746 5.226 1.77284 )  45  1  -1   TRANSMISSION 

(  15.039 4.90641 2.575 )  116  0  -1   REFLECTION 

(  16.294 4.76133 2.21084 )  33  2  -1   TRANSMISSION 

(  18.468 4.51 1.58 )  114  -1  -1   RECEIVER 

0.0312177
(  5.468 6.51 1.45 )  111  -1  -1   TRANSMITTER 

(  3.318 6.37514 1.45877 )  28  2  -1   REFLECTION 

(  7.393 6.11955 1.47538 )  57  3  -1   REFLECTION 

(  3.118 5.8514 1.49281 )  28  3  -1   TRANSMISSION 

(  0.1 5.6621 1.50511 )  24  2  -1   REFLECTION 

(  3.318 5.46026 1.51823 )  28  2  -1   TRANSMISSION 

(  7.05281 5.226 1.53346 )  41  1  -1   TRANSMISSION 

(  18.468 4.51 1.58 )  114  -1  -1   RECEIVER 

0.0311096
(  5.468 6.51 1.45 )  111  -1  -1   TRANSMITTER 

(  3.318 6.34104 1.46098 )  28  2  -1   REFLECTION 

(  7.393 6.02081 1.4818 )  57  3  -1   REFLECTION 

(  3.318 5.70057 1.50261 )  28  2  -1   REFLECTION 

(  7.493 5.37248 1.52394 )  57  2  -1   TRANSMISSION 

(  9.103 5.24595 1.53216 )  41  2  -1   TRANSMISSION 

(  9.3569 5.226 1.53346 )  93  1  -1   TRANSMISSION 

(  18.468 4.51 1.58 )  114  -1  -1   RECEIVER 

0.0311101
(  5.468 6.51 1.45 )  111  -1  -1   TRANSMITTER 

(  3.318 6.38464 1.45815 )  28  2  -1   REFLECTION 

(  7.493 6.14122 1.47397 )  57  2  -1   TRANSMISSION 

(  11.819 5.88899 1.49037 )  58  3  -1   REFLECTION 

(  7.393 5.63093 1.50714 )  57  3  -1   TRANSMISSION 

(  3.318 5.39333 1.52258 )  28  2  -1   REFLECTION 

(  4.677 5.31409 1.52773 )  37  2  -1   TRANSMISSION 

(  6.18788 5.226 1.53346 )  41  1  -1   TRANSMISSION 

(  18.468 4.51 1.58 )  114  -1  -1   RECEIVER 

0.0311791
(  5.468 6.51 1.45 )  111  -1  -1   TRANSMITTER 

(  3.318 6.34431 1.46077 )  28  2  -1   REFLECTION 

(  7.493 6.02256 1.48168 )  57  2  -1   TRANSMISSION 

(  11.819 5.68918 1.50335 )  58  3  -1   REFLECTION 

(  7.493 5.35579 1.52502 )  57  2  -1   REFLECTION 

(  9.103 5.23172 1.53309 )  41  2  -1   TRANSMISSION 

(  9.17718 5.226 1.53346 )  93  1  -1   TRANSMISSION 

(  18.468 4.51 1.58 )  114  -1  -1   RECEIVER 

0.0327921
(  5.468 6.51 1.45 )  111  -1  -1   TRANSMITTER 

(  3.318 6.10236 1.4652 )  28  2  -1   REFLECTION 

(  7.4127 5.326 1.49415 )  57  1  -1   TRANSMISSION 

(  7.94012 5.226 1.49788 )  41  1  -1   TRANSMISSION 

(  15.6352 3.767 1.55229 )  48  4  -1   REFLECTION 

(  19.011 4.40705 1.57616 )  34  3  -1   REFLECTION 

(  18.468 4.51 1.58 )  114  -1  -1   RECEIVER 

0.0323929
(  5.468 6.51 1.45 )  111  -1  -1   TRANSMITTER 

(  3.318 5.8988 1.46616 )  28  2  -1   REFLECTION 

(  10.817 3.767 1.52251 )  44  4  -1   REFLECTION 

(  15.9493 5.226 1.56107 )  49  1  -1   REFLECTION 

(  16.294 5.12802 1.56366 )  59  2  -1   TRANSMISSION 

(  18.468 4.51 1.58 )  114  -1  -1   RECEIVER 

0.035116
(  5.468 6.51 1.45 )  111  -1  -1   TRANSMITTER 

(  3.318 5.92366 1.46616 )  28  2  -1   REFLECTION 

(  11.2261 3.767 1.52558 )  44  4  -1   REFLECTION 

(  16.2092 5.126 1.56303 )  59  1  -1   REFLECTION 

(  18.468 4.51 1.58 )  114  -1  -1   RECEIVER 

0.0349248
(  5.468 6.51 1.45 )  111  -1  -1   TRANSMITTER 

(  3.45848 5.226 1.4651 )  37  1  -1   TRANSMISSION 

(  3.318 5.13624 1.46616 )  28  2  -1   REFLECTION 

(  5.46092 3.767 1.48226 )  90  4  -1   REFLECTION 

(  7.90082 5.326 1.50059 )  41  4  -1   TRANSMISSION 

(  11.919 7.89345 1.53079 )  58  2  -1   TRANSMISSION 

(  12.5459 8.294 1.5355 )  101  1  -1   REFLECTION 

(  16.294 5.8991 1.56366 )  59  2  -1   TRANSMISSION 

(  18.468 4.51 1.58 )  114  -1  -1   RECEIVER 

0.034488
(  5.468 6.51 1.45 )  111  -1  -1   TRANSMITTER 

(  3.318 5.52373 1.46616 )  28  2  -1   REFLECTION 

(  3.74905 5.326 1.4694 )  37  4  -1   REFLECTION 

(  7.493 7.04346 1.49753 )  57  2  -1   TRANSMISSION 

(  10.2191 8.294 1.51801 )  70  1  -1   REFLECTION 

(  11.919 7.51421 1.53079 )  58  2  -1   TRANSMISSION 

(  16.294 5.50728 1.56366 )  59  2  -1   TRANSMISSION 

(  16.9072 5.226 1.56827 )  52  1  -1   TRANSMISSION 

(  18.468 4.51 1.58 )  114  -1  -1   RECEIVER 

0.0341309
(  5.468 6.51 1.45 )  111  -1  -1   TRANSMITTER 

(  3.318 7.20198 1.07344 )  28  2  -1   REFLECTION 

(  6.71096 8.294 0.479181 )  65  1  -1   REFLECTION 

(  7.493 8.0423 0.342211 )  57  2  -1   TRANSMISSION 

(  9.44688 7.41345 -5.55112e-17 )  0  5  -1   REFLECTION 

(  11.919 6.61779 0.432979 )  58  2  -1   TRANSMISSION 

(  16.194 5.24189 1.18172 )  49  2  -1   TRANSMISSION 

(  16.294 5.2097 1.19924 )  59  2  -1   TRANSMISSION 

(  18.468 4.51 1.58 )  114  -1  -1   RECEIVER 

0.0345167
(  5.468 6.51 1.45 )  111  -1  -1   TRANSMITTER 

(  3.318 7.1611 1.4652 )  28  2  -1   REFLECTION 

(  7.05892 8.294 1.49165 )  67  1  -1   REFLECTION 

(  7.493 8.16254 1.49472 )  57  2  -1   TRANSMISSION 

(  11.919 6.82218 1.52602 )  58  2  -1   TRANSMISSION 

(  16.294 5.49726 1.55695 )  59  2  -1   TRANSMISSION 

(  17.022 5.27679 1.5621 )  52  2  -1   TRANSMISSION 

(  19.011 4.67444 1.57616 )  34  3  -1   REFLECTION 

(  18.468 4.51 1.58 )  114  -1  -1   RECEIVER 

0.0352014
(  5.468 6.51 1.45 )  111  -1  -1   TRANSMITTER 

(  3.318 7.38665 1.46616 )  28  2  -1   REFLECTION 

(  5.54328 8.294 1.48288 )  64  1  -1   REFLECTION 

(  7.493 7.49901 1.49753 )  57  2  -1   TRANSMISSION 

(  11.919 5.69433 1.53079 )  58  2  -1   TRANSMISSION 

(  13.0676 5.226 1.53942 )  45  1  -1   TRANSMISSION 

(  16.6458 3.767 1.56631 )  50  4  -1   REFLECTION 

(  18.468 4.51 1.58 )  114  -1  -1   RECEIVER 

0.0360162
(  5.468 6.51 1.45 )  111  -1  -1   TRANSMITTER 

(  3.318 7.20198 1.71347 )  28  2  -1   REFLECTION 

(  6.71096 8.294 2.12925 )  66  1  -1   REFLECTION 

(  7.493 8.0423 2.22509 )  57  2  -1   TRANSMISSION 

(  10.3484 7.12328 2.575 )  116  0  -1   REFLECTION 

(  11.919 6.61779 2.38254 )  58  2  -1   TRANSMISSION 

(  16.194 5.24189 1.85866 )  49  2  -1   TRANSMISSION 

(  16.294 5.2097 1.84641 )  59  2  -1   TRANSMISSION 

(  18.468 4.51 1.58 )  114  -1  -1   RECEIVER 

0.0357164
(  5.468 6.51 1.45 )  111  -1  -1   TRANSMITTER 

(  3.318 6.26145 2.10618 )  28  2  -1   REFLECTION 

(  4.85408 6.08386 2.575 )  116  0  -1   REFLECTION 

(  7.493 5.77879 1.7696 )  57  2  -1   TRANSMISSION 

(  12.2746 5.226 0.31024 )  45  1  -1   TRANSMISSION 

(  13.2911 5.10848 1.11022e-16 )  0  5  -1   REFLECTION 

(  18.468 4.51 1.58 )  114  -1  -1   RECEIVER 

0.0359969
(  5.468 6.51 1.45 )  111  -1  -1   TRANSMITTER 

(  3.318 6.27613 1.69791 )  28  2  -1   REFLECTION 

(  7.493 5.82198 2.1793 )  57  2  -1   TRANSMISSION 

(  10.9247 5.44868 2.575 )  116  0  -1   REFLECTION 

(  11.919 5.34052 2.46035 )  58  2  -1   TRANSMISSION 

(  12.9718 5.226 2.33896 )  45  1  -1   TRANSMISSION 

(  19.011 4.56907 1.64261 )  34  3  -1   REFLECTION 

(  18.468 4.51 1.58 )  114  -1  -1   RECEIVER 

0.0353603
(  5.468 6.51 1.45 )  111  -1  -1   TRANSMITTER 

(  3.318 6.07677 1.71347 )  28  2  -1   REFLECTION 

(  7.54012 5.226 2.23086 )  41  1  -1   TRANSMISSION 

(  10.3484 4.66012 2.575 )  116  0  -1   REFLECTION 

(  14.7807 3.767 2.03185 )  48  4  -1   REFLECTION 

(  18.468 4.51 1.58 )  114  -1  -1   RECEIVER 

0.0353581
(  5.468 6.51 1.45 )  111  -1  -1   TRANSMITTER 

(  7.393 6.37044 1.23856 )  57  3  -1   REFLECTION 

(  3.118 6.0605 0.769002 )  28  3  -1   TRANSMISSION 

(  0.1 5.84169 0.43751 )  24  2  -1   REFLECTION 

(  3.318 5.60838 0.0840506 )  28  2  -1   TRANSMISSION 

(  4.08322 5.5529 -5.55112e-17 )  0  5  -1   REFLECTION 

(  8.59221 5.226 0.49526 )  41  1  -1   TRANSMISSION 

(  18.468 4.51 1.58 )  114  -1  -1   RECEIVER 

0.0359739
(  5.468 6.51 1.45 )  111  -1  -1   TRANSMITTER 

(  7.393 6.26674 1.45907 )  57  3  -1   REFLECTION 

(  3.118 5.72652 1.47922 )  28  3  -1   TRANSMISSION 

(  0.1 5.34514 1.49344 )  24  2  -1   REFLECTION 

(  12.5884 3.767 1.55229 )  44  4  -1   REFLECTION 

(  18.468 4.51 1.58 )  114  -1  -1   RECEIVER 

0.0359611
(  5.468 6.51 1.45 )  111  -1  -1   TRANSMITTER 

(  7.393 6.37044 1.59794 )  57  3  -1   REFLECTION 

(  3.118 6.0605 1.92647 )  28  3  -1   TRANSMISSION 

(  0.1 5.84169 2.15841 )  24  2  -1   REFLECTION 

(  3.318 5.60838 2.40571 )  28  2  -1   TRANSMISSION 

(  5.5208 5.44868 2.575 )  116  0  -1   REFLECTION 

(  8.59221 5.226 2.33896 )  41  1  -1   TRANSMISSION 

(  18.468 4.51 1.58 )  114  -1  -1   RECEIVER 

0.0359601
(  5.468 6.51 1.45 )  111  -1  -1   TRANSMITTER 

(  7.393 6.33686 1.46125 )  57  3  -1   REFLECTION 

(  3.318 5.97033 1.48508 )  28  2  -1   REFLECTION 

(  7.493 5.59482 1.50949 )  57  2  -1   TRANSMISSION 

(  11.5935 5.226 1.53346 )  45  1  -1   TRANSMISSION 

(  19.011 4.55884 1.57683 )  34  3  -1   REFLECTION 

(  18.468 4.51 1.58 )  114  -1  -1   RECEIVER 

0.0352344
(  5.468 6.51 1.45 )  111  -1  -1   TRANSMITTER 

(  7.393 6.19272 1.46183 )  57  3  -1   REFLECTION 

(  3.318 5.52106 1.48688 )  28  2  -1   REFLECTION 

(  4.677 5.29707 1.49523 )  37  2  -1   TRANSMISSION 

(  13.9601 3.767 1.55229 )  94  4  -1   REFLECTION 

(  18.468 4.51 1.58 )  114  -1  -1   RECEIVER 

0.034824
(  5.468 6.51 1.45 )  111  -1  -1   TRANSMITTER 

(  7.393 7.01678 1.46183 )  57  3  -1   REFLECTION 

(  3.318 8.08957 1.48688 )  28  2  -1   REFLECTION 

(  4.09451 8.294 1.49165 )  97  1  -1   REFLECTION 

(  7.493 7.3993 1.51254 )  57  2  -1   TRANSMISSION 

(  11.919 6.23411 1.53975 )  58  2  -1   TRANSMISSION 

(  15.7483 5.226 1.56328 )  49  1  -1   TRANSMISSION 

(  18.468 4.51 1.58 )  114  -1  -1   RECEIVER 

0.0350872
(  5.468 6.51 1.45 )  111  -1  -1   TRANSMITTER 

(  7.393 6.32797 1.64296 )  57  3  -1   REFLECTION 

(  3.318 5.94262 2.05142 )  28  2  -1   REFLECTION 

(  7.493 5.54783 2.46991 )  57  2  -1   TRANSMISSION 

(  8.54147 5.44868 2.575 )  116  0  -1   REFLECTION 

(  10.31 5.28144 2.39773 )  43  2  -1   TRANSMISSION 

(  10.8963 5.226 2.33896 )  45  1  -1   TRANSMISSION 

(  18.468 4.51 1.58 )  114  -1  -1   RECEIVER 

0.0351753
(  5.468 6.51 1.45 )  111  -1  -1   TRANSMITTER 

(  7.493 6.37501 1.24549 )  57  2  -1   TRANSMISSION 

(  11.819 6.08663 0.808592 )  58  3  -1   REFLECTION 

(  7.393 5.79158 0.361596 )  57  3  -1   TRANSMISSION 

(  3.81261 5.5529 6.93889e-18 )  0  5  -1   REFLECTION 

(  3.318 5.51993 0.049952 )  28  2  -1   REFLECTION 

(  7.72728 5.226 0.49526 )  41  1  -1   TRANSMISSION 

(  18.468 4.51 1.58 )  114  -1  -1   RECEIVER 

0.0353369
(  5.468 6.51 1.45 )  111  -1  -1   TRANSMITTER 

(  7.493 6.32295 1.16662 )  57  2  -1   TRANSMISSION 

(  11.819 5.92336 0.561235 )  58  3  -1   REFLECTION 

(  7.80848 5.5529 0 )  0  5  -1   REFLECTION 

(  7.493 5.52376 0.0441488 )  57  2  -1   REFLECTION 

(  10.31 5.26356 0.438362 )  93  2  -1   TRANSMISSION 

(  10.7166 5.226 0.49526 )  45  1  -1   TRANSMISSION 

(  18.468 4.51 1.58 )  114  -1  -1   RECEIVER 

0.0355317
(  5.468 6.51 1.45 )  111  -1  -1   TRANSMITTER 

(  7.493 6.31627 1.45722 )  57  2  -1   TRANSMISSION 

(  11.819 5.9024 1.47266 )  58  3  -1   REFLECTION 

(  7.393 5.47897 1.48845 )  57  3  -1   TRANSMISSION 

(  3.17042 5.075 1.50351 )  28  1  -1   TRANSMISSION 

(  0.1 4.78125 1.51447 )  24  2  -1   REFLECTION 

(  10.7017 3.767 1.55229 )  44  4  -1   REFLECTION 

(  18.468 4.51 1.58 )  114  -1  -1   RECEIVER 

0.0354839
(  5.468 6.51 1.45 )  111  -1  -1   TRANSMITTER 

(  7.493 6.37972 1.45847 )  57  2  -1   TRANSMISSION 

(  11.819 6.10142 1.47656 )  58  3  -1   REFLECTION 

(  7.393 5.81668 1.49507 )  57  3  -1   TRANSMISSION 

(  3.318 5.55452 1.51211 )  28  2  -1   REFLECTION 

(  8.4245 5.226 1.53346 )  41  1  -1   TRANSMISSION 

(  19.011 4.54493 1.57773 )  34  3  -1   REFLECTION 

(  18.468 4.51 1.58 )  114  -1  -1   RECEIVER 

0.0354155
(  5.468 6.51 1.45 )  111  -1  -1   TRANSMITTER 

(  7.493 6.37501 1.59309 )  57  2  -1   TRANSMISSION 

(  11.819 6.08663 1.89877 )  58  3  -1   REFLECTION 

(  7.393 5.79158 2.21152 )  57  3  -1   TRANSMISSION 

(  3.318 5.51993 2.49947 )  28  2  -1   REFLECTION 

(  4.38687 5.44868 2.575 )  116  0  -1   REFLECTION 

(  7.72728 5.226 2.33896 )  41  1  -1   TRANSMISSION 

(  18.468 4.51 1.58 )  114  -1  -1   RECEIVER 

0.0354581
(  5.468 6.51 1.45 )  111  -1  -1   TRANSMITTER 

(  7.493 6.33188 1.46158 )  57  2  -1   TRANSMISSION 

(  11.819 5.95138 1.48631 )  58  3  -1   REFLECTION 

(  7.493 5.57087 1.51104 )  57  2  -1   REFLECTION 

(  10.31 5.32309 1.52715 )  93  2  -1   TRANSMISSION 

(  11.4138 5.226 1.53346 )  45  1  -1   TRANSMISSION 

(  19.011 4.55776 1.5769 )  34  3  -1   REFLECTION 

(  18.468 4.51 1.58 )  114  -1  -1   RECEIVER 

0.0352671
(  5.468 6.51 1.45 )  111  -1  -1   TRANSMITTER 

(  7.493 6.32295 1.64827 )  57  2  -1   TRANSMISSION 

(  11.819 5.92336 2.07184 )  58  3  -1   REFLECTION 

(  7.493 5.52376 2.49541 )  57  2  -1   REFLECTION 

(  8.30586 5.44868 2.575 )  116  0  -1   REFLECTION 

(  10.31 5.26356 2.37877 )  43  2  -1   TRANSMISSION 

(  10.7166 5.226 2.33896 )  45  1  -1   TRANSMISSION 

(  18.468 4.51 1.58 )  114  -1  -1   RECEIVER 

0.0355445
(  5.468 6.51 1.45 )  111  -1  -1   TRANSMITTER 

(  7.493 7.03075 1.46216 )  57  2  -1   TRANSMISSION 

(  11.819 8.14321 1.48813 )  58  3  -1   REFLECTION 

(  11.2326 8.294 1.49165 )  100  1  -1   REFLECTION 

(  7.493 7.33232 1.51411 )  57  2  -1   REFLECTION 

(  11.919 6.19413 1.54068 )  58  2  -1   TRANSMISSION 

(  15.6837 5.226 1.56328 )  49  1  -1   TRANSMISSION 

(  18.468 4.51 1.58 )  114  -1  -1   RECEIVER 

0.035922
(  5.468 6.51 1.45 )  111  -1  -1   TRANSMITTER 

(  7.493 6.39761 1.27972 )  57  2  -1   TRANSMISSION 

(  11.919 6.15195 0.907553 )  58  2  -1   TRANSMISSION 

(  16.194 5.91467 0.54808 )  59  3  -1   REFLECTION 

(  11.819 5.67185 0.180198 )  58  3  -1   TRANSMISSION 

(  9.67601 5.5529 2.77556e-17 )  0  5  -1   REFLECTION 

(  7.393 5.42619 0.191972 )  57  3  -1   TRANSMISSION 

(  4.677 5.27544 0.420353 )  37  2  -1   REFLECTION 

(  18.468 4.51 1.58 )  114  -1  -1   RECEIVER 

0.0360496
(  5.468 6.51 1.45 )  111  -1  -1   TRANSMITTER 

(  6.97804 5.226 1.09804 )  41  1  -1   TRANSMISSION 

(  8.69389 3.767 0.698119 )  40  4  -1   REFLECTION 

(  10.5273 5.326 0.270783 )  45  4  -1   TRANSMISSION 

(  11.6891 6.31387 3.46945e-18 )  0  5  -1   REFLECTION 

(  11.919 6.50933 0.0535792 )  58  2  -1   TRANSMISSION 

(  14.0178 8.294 0.542772 )  76  1  -1   REFLECTION 

(  16.294 6.35857 1.07329 )  59  2  -1   TRANSMISSION 

(  18.468 4.51 1.58 )  114  -1  -1   RECEIVER 

0.0331581
(  5.468 6.51 1.45 )  111  -1  -1   TRANSMITTER 

(  7.493 5.51245 1.47025 )  57  2  -1   TRANSMISSION 

(  8.0745 5.226 1.47606 )  41  1  -1   TRANSMISSION 

(  11.0362 3.767 1.50568 )  44  4  -1   REFLECTION 

(  13.998 5.226 1.5353 )  95  1  -1   REFLECTION 

(  16.9597 3.767 1.56492 )  50  4  -1   REFLECTION 

(  18.468 4.51 1.58 )  114  -1  -1   RECEIVER 

0.0331818
(  5.468 6.51 1.45 )  111  -1  -1   TRANSMITTER 

(  6.97804 5.226 1.69625 )  41  1  -1   TRANSMISSION 

(  8.69389 3.767 1.97607 )  40  4  -1   REFLECTION 

(  10.5273 5.326 2.27506 )  45  4  -1   TRANSMISSION 

(  11.919 6.50933 2.50201 )  58  2  -1   TRANSMISSION 

(  12.3666 6.88992 2.575 )  116  0  -1   REFLECTION 

(  14.0178 8.294 2.30572 )  76  1  -1   REFLECTION 

(  16.294 6.35857 1.93453 )  59  2  -1   TRANSMISSION 

(  18.468 4.51 1.58 )  114  -1  -1   RECEIVER 

0.0333315
(  5.468 6.51 1.45 )  111  -1  -1   TRANSMITTER 

(  7.493 5.36912 1.46869 )  57  2  -1   TRANSMISSION 

(  7.56954 5.326 1.4694 )  41  4  -1   REFLECTION 

(  11.919 7.77647 1.50954 )  58  2  -1   TRANSMISSION 

(  12.8376 8.294 1.51801 )  101  1  -1   REFLECTION 

(  16.294 6.34667 1.54991 )  59  2  -1   TRANSMISSION 

(  18.2831 5.226 1.56827 )  56  1  -1   TRANSMISSION 

(  19.011 4.81592 1.57499 )  34  3  -1   REFLECTION 

(  18.468 4.51 1.58 )  114  -1  -1   RECEIVER 

0.0339982
(  5.468 6.51 1.45 )  111  -1  -1   TRANSMITTER 

(  7.10162 5.326 1.46634 )  41  4  -1   REFLECTION 

(  7.493 5.60966 1.47025 )  57  2  -1   TRANSMISSION 

(  11.1967 8.294 1.50729 )  100  1  -1   REFLECTION 

(  11.919 7.77051 1.51451 )  58  2  -1   TRANSMISSION 

(  15.4298 5.226 1.54962 )  49  1  -1   TRANSMISSION 

(  17.4428 3.767 1.56975 )  96  4  -1   REFLECTION 

(  18.468 4.51 1.58 )  114  -1  -1   RECEIVER 

0.0336242
(  5.468 6.51 1.45 )  111  -1  -1   TRANSMITTER 

(  7.493 7.31045 1.01441 )  57  2  -1   TRANSMISSION 

(  9.98119 8.294 0.479181 )  70  1  -1   REFLECTION 

(  11.919 7.52801 0.0623435 )  58  2  -1   TRANSMISSION 

(  12.2088 7.41345 1.11022e-16 )  0  5  -1   REFLECTION 

(  16.294 5.79863 0.878751 )  59  2  -1   TRANSMISSION 

(  19.011 4.72464 1.4632 )  34  3  -1   REFLECTION 

(  18.468 4.51 1.58 )  114  -1  -1   RECEIVER 

0.0346222
(  5.468 6.51 1.45 )  111  -1  -1   TRANSMITTER 

(  7.493 7.6088 0.978019 )  57  2  -1   TRANSMISSION 

(  8.75578 8.294 0.683694 )  68  1  -1   REFLECTION 

(  11.6891 6.70232 0 )  0  5  -1   REFLECTION 

(  11.919 6.57759 0.0535792 )  58  2  -1   TRANSMISSION 

(  14.4099 5.226 0.634145 )  95  1  -1   TRANSMISSION 

(  17.0987 3.767 1.26085 )  96  4  -1   REFLECTION 

(  18.468 4.51 1.58 )  114  -1  -1   RECEIVER 

0.0346732
(  5.468 6.51 1.45 )  111  -1  -1   TRANSMITTER 

(  7.493 7.03321 1.46222 )  57  2  -1   TRANSMISSION 

(  11.919 8.17678 1.48892 )  58  2  -1   TRANSMISSION 

(  12.3727 8.294 1.49165 )  101  1  -1   REFLECTION 

(  16.194 7.30666 1.5147 )  59  3  -1   REFLECTION 

(  11.919 6.2021 1.54049 )  58  2  -1   REFLECTION 

(  15.6968 5.226 1.56328 )  49  1  -1   TRANSMISSION 

(  18.468 4.51 1.58 )  114  -1  -1   RECEIVER 

0.0349358
(  5.468 6.51 1.45 )  111  -1  -1   TRANSMITTER 

(  7.493 7.12165 1.46428 )  57  2  -1   TRANSMISSION 

(  11.3743 8.294 1.49165 )  73  1  -1   REFLECTION 

(  11.919 8.12947 1.49549 )  58  2  -1   TRANSMISSION 

(  16.294 6.808 1.52635 )  59  2  -1   TRANSMISSION 

(  19.011 5.98733 1.54551 )  60  3  -1   REFLECTION 

(  16.4905 5.226 1.56328 )  52  1  -1   TRANSMISSION 

(  16.294 5.16666 1.56467 )  59  2  -1   REFLECTION 

(  18.468 4.51 1.58 )  114  -1  -1   RECEIVER 

0.0359761
(  5.468 6.51 1.45 )  111  -1  -1   TRANSMITTER 

(  7.493 7.52408 1.46869 )  57  2  -1   TRANSMISSION 

(  9.03044 8.294 1.48288 )  70  1  -1   REFLECTION 

(  11.919 6.84746 1.50954 )  58  2  -1   TRANSMISSION 

(  15.1569 5.226 1.53942 )  49  1  -1   TRANSMISSION 

(  18.0703 3.767 1.56631 )  96  4  -1   REFLECTION 

(  19.011 4.23808 1.57499 )  34  3  -1   REFLECTION 

(  18.468 4.51 1.58 )  114  -1  -1   RECEIVER 

0.0363793
(  5.468 6.51 1.45 )  111  -1  -1   TRANSMITTER 

(  7.0541 8.294 1.46586 )  67  1  -1   REFLECTION 

(  7.493 7.80034 1.47025 )  57  2  -1   TRANSMISSION 

(  9.78177 5.226 1.49314 )  93  1  -1   TRANSMISSION 

(  11.0789 3.767 1.50611 )  44  4  -1   REFLECTION 

(  12.465 5.326 1.51997 )  45  4  -1   TRANSMISSION 

(  15.1038 8.294 1.54636 )  102  1  -1   REFLECTION 

(  16.294 6.95525 1.55826 )  59  2  -1   TRANSMISSION 

(  18.468 4.51 1.58 )  114  -1  -1   RECEIVER 

0.037649
(  5.468 6.51 1.45 )  111  -1  -1   TRANSMITTER 

(  7.493 7.31045 1.75477 )  57  2  -1   TRANSMISSION 

(  9.98119 8.294 2.12925 )  70  1  -1   REFLECTION 

(  11.919 7.52801 2.4209 )  58  2  -1   TRANSMISSION 

(  12.9429 7.12328 2.575 )  116  0  -1   REFLECTION 

(  16.294 5.79863 2.07064 )  59  2  -1   TRANSMISSION 

(  19.011 4.72464 1.66172 )  34  3  -1   REFLECTION 

(  18.468 4.51 1.58 )  114  -1  -1   RECEIVER 

0.0381715
(  5.468 6.51 1.45 )  111  -1  -1   TRANSMITTER 

(  7.493 7.6088 1.78023 )  57  2  -1   TRANSMISSION 

(  8.75578 8.294 1.98616 )  69  1  -1   REFLECTION 

(  11.919 6.57759 2.50201 )  58  2  -1   TRANSMISSION 

(  12.3666 6.33472 2.575 )  116  0  -1   REFLECTION 

(  14.4099 5.226 2.24179 )  47  1  -1   TRANSMISSION 

(  17.0987 3.767 1.8033 )  96  4  -1   REFLECTION 

(  18.468 4.51 1.58 )  114  -1  -1   RECEIVER 

0.0381401
(  5.468 6.51 1.45 )  111  -1  -1   TRANSMITTER 

(  7.493 6.22248 2.20905 )  57  2  -1   TRANSMISSION 

(  8.46928 6.08386 2.575 )  116  0  -1   REFLECTION 

(  11.919 5.59406 1.28191 )  58  2  -1   TRANSMISSION 

(  14.5112 5.226 0.31024 )  95  1  -1   TRANSMISSION 

(  15.3389 5.10848 5.55112e-17 )  0  5  -1   REFLECTION 

(  19.011 4.5871 1.37646 )  34  3  -1   REFLECTION 

(  18.468 4.51 1.58 )  114  -1  -1   RECEIVER 

0.0382853
(  5.468 6.51 1.45 )  111  -1  -1   TRANSMITTER 

(  7.493 5.96699 2.27246 )  57  2  -1   TRANSMISSION 

(  8.23789 5.76724 2.575 )  116  0  -1   REFLECTION 

(  10.2563 5.226 1.75522 )  93  1  -1   TRANSMISSION 

(  14.5778 4.06716 -5.55112e-17 )  0  5  -1   REFLECTION 

(  15.6972 3.767 0.45463 )  48  4  -1   REFLECTION 

(  18.468 4.51 1.58 )  114  -1  -1   RECEIVER 

0.0385059
(  5.468 6.51 1.45 )  111  -1  -1   TRANSMITTER 

(  7.493 6.00885 1.75477 )  57  2  -1   TRANSMISSION 

(  10.31 5.3117 2.17874 )  43  2  -1   TRANSMISSION 

(  10.6563 5.226 2.23086 )  45  1  -1   TRANSMISSION 

(  12.9429 4.66012 2.575 )  116  0  -1   REFLECTION 

(  16.294 3.83078 2.07064 )  31  2  -1   TRANSMISSION 

(  16.5517 3.767 2.03185 )  50  4  -1   REFLECTION 

(  19.011 4.37562 1.66172 )  34  3  -1   REFLECTION 

(  18.468 4.51 1.58 )  114  -1  -1   RECEIVER 

0.0355085
(  5.468 6.51 1.45 )  111  -1  -1   TRANSMITTER 

(  7.493 5.74393 1.78023 )  57  2  -1   TRANSMISSION 

(  8.86206 5.226 2.00349 )  41  1  -1   TRANSMISSION 

(  12.3666 3.90021 2.575 )  116  0  -1   REFLECTION 

(  12.7187 3.767 2.51758 )  44  4  -1   REFLECTION 

(  16.5754 5.226 1.88865 )  52  1  -1   REFLECTION 

(  18.468 4.51 1.58 )  114  -1  -1   RECEIVER 

0.0355518
(  5.468 6.51 1.45 )  111  -1  -1   TRANSMITTER 

(  7.493 7.37732 2.27246 )  57  2  -1   TRANSMISSION 

(  8.23789 7.69636 2.575 )  116  0  -1   REFLECTION 

(  9.63323 8.294 2.00828 )  70  1  -1   REFLECTION 

(  11.919 7.31499 1.0799 )  58  2  -1   TRANSMISSION 

(  14.5778 6.17618 0 )  0  5  -1   REFLECTION 

(  16.294 5.44114 0.697022 )  59  2  -1   TRANSMISSION 

(  16.7963 5.226 0.901034 )  52  1  -1   TRANSMISSION 

(  18.468 4.51 1.58 )  114  -1  -1   RECEIVER 

