 5.468 6.51 1.45
 1.468 4.51 1.58
 2.468 4.51 1.58
 3.468 4.51 1.58
 4.468 4.51 1.58
 5.468 4.51 1.58
 6.468 4.51 1.58
 7.468 4.51 1.58
 8.468 4.51 1.58
 9.468 4.51 1.58
 10.468 4.51 1.58
 11.468 4.51 1.58
 12.468 4.51 1.58
 12.718 4.51 1.58
 12.968 4.51 1.58
 13.218 4.51 1.58
 13.468 4.51 1.58
 13.718 4.51 1.58
 13.968 4.51 1.58
 14.218 4.51 1.58
 14.468 4.51 1.58
 14.718 4.51 1.58
 14.968 4.51 1.58
 15.218 4.51 1.58
 15.468 4.51 1.58
 15.718 4.51 1.58
 15.968 4.51 1.58
 16.218 4.51 1.58
 16.468 4.51 1.58
 16.718 4.51 1.58
 16.968 4.51 1.58
 17.218 4.51 1.58
 17.468 4.51 1.58
 17.718 4.51 1.58
 17.968 4.51 1.58
 18.218 4.51 1.58
 18.468 4.51 1.58
