  2.22588e-08  2.22588e-08  2.44894e-08  2.92484e-08  2.60089e-08  2.44894e-08
  2.22588e-08  2.22588e-08  2.44894e-08  2.92484e-08  2.60089e-08  2.44894e-08
  2.22588e-08  2.22588e-08  2.44894e-08  2.92484e-08  2.60089e-08  2.44894e-08
  2.22588e-08  2.22588e-08  2.44894e-08  2.92484e-08  2.60089e-08  2.44894e-08
  2.22588e-08  2.22588e-08  2.44894e-08  2.92484e-08  2.60089e-08  2.44894e-08
  2.22588e-08  2.22588e-08  2.44894e-08  2.92484e-08  2.60089e-08  2.44894e-08
  2.22588e-08  2.22588e-08  2.44894e-08  2.92484e-08  2.60089e-08  2.44894e-08
  2.22588e-08  2.22588e-08  2.44894e-08  2.92484e-08  2.60089e-08  2.44894e-08
  2.22588e-08  2.22588e-08  2.44894e-08  2.92484e-08  2.60089e-08  2.44894e-08
  2.22588e-08  2.22588e-08  2.44894e-08  2.92484e-08  2.60089e-08  2.44894e-08
  2.22588e-08  2.22588e-08  2.44894e-08  2.92484e-08  2.60089e-08  2.44894e-08
  2.22588e-08  2.22588e-08  2.44894e-08  2.92484e-08  2.60089e-08  2.44894e-08
  2.22588e-08  2.22588e-08  2.44894e-08  2.92484e-08  2.60089e-08  2.44894e-08
  2.22588e-08  2.22588e-08  2.44894e-08  2.92484e-08  2.60089e-08  2.44894e-08
  2.22588e-08  2.22588e-08  2.44894e-08  2.92484e-08  2.60089e-08  2.44894e-08
  2.22588e-08  2.22588e-08  2.44894e-08  2.92484e-08  2.60089e-08  2.44894e-08
  2.22588e-08  2.22588e-08  2.44894e-08  2.92484e-08  2.60089e-08  2.44894e-08
  2.22588e-08  2.22588e-08  2.44894e-08  2.92484e-08  2.60089e-08  2.44894e-08
  2.22588e-08  2.22588e-08  2.44894e-08  2.92484e-08  2.60089e-08  2.44894e-08
  2.22588e-08  2.22588e-08  2.44894e-08  2.92484e-08  2.60089e-08  2.44894e-08
  2.22588e-08  2.22588e-08  2.44894e-08  2.92484e-08  2.60089e-08  2.44894e-08
  2.22588e-08  2.22588e-08  2.44894e-08  2.92484e-08  2.60089e-08  2.44894e-08
  2.22588e-08  2.22588e-08  2.44894e-08  2.92484e-08  2.60089e-08  2.44894e-08
  2.22588e-08  2.22588e-08  2.44894e-08  2.92484e-08  2.60089e-08  2.44894e-08
  2.22588e-08  2.22588e-08  2.44894e-08  2.92484e-08  2.60089e-08  2.44894e-08
  2.22588e-08  2.22588e-08  2.44894e-08  2.92484e-08  2.60089e-08  2.44894e-08
  2.22588e-08  2.22588e-08  2.44894e-08  2.92484e-08  2.60089e-08  2.44894e-08
  2.22588e-08  2.22588e-08  2.44894e-08  2.92484e-08  2.60089e-08  2.44894e-08
  2.22588e-08  2.22588e-08  2.44894e-08  2.92484e-08  2.60089e-08  2.44894e-08
  2.22588e-08  2.22588e-08  2.44894e-08  2.92484e-08  2.60089e-08  2.44894e-08
  2.22588e-08  2.22588e-08  2.44894e-08  2.92484e-08  2.60089e-08  2.44894e-08
  2.22588e-08  2.22588e-08  2.44894e-08  2.92484e-08  2.60089e-08  2.44894e-08
  2.22588e-08  2.22588e-08  2.44894e-08  2.92484e-08  2.60089e-08  2.44894e-08
  2.22588e-08  2.22588e-08  2.44894e-08  2.92484e-08  2.60089e-08  2.44894e-08
  2.22588e-08  2.22588e-08  2.44894e-08  2.92484e-08  2.60089e-08  2.44894e-08
  2.22588e-08  2.22588e-08  2.44894e-08  2.92484e-08  2.60089e-08  2.44894e-08
  2.22588e-08  2.22588e-08  2.44894e-08  2.92484e-08  2.60089e-08  2.44894e-08
  2.22588e-08  2.22588e-08  2.44894e-08  2.92484e-08  2.60089e-08  2.44894e-08
