-0.9833
0.016667
0.03333
0.03333
151
1
 -0.9833 0.016667 -2.5  0 0   0 0   0 0   0 0   0 0   0 0   -9.8628111 -9.0721928   -0.20959154 -0.19997422   0.37539962 -2.9962967   
 -0.9833 0.016667 -2.46667  0 0   0 0   0 0   0 0   0 0   0 0   -3.7717596 -12.947663   -0.079977987 -0.27679346   2.5245591 -2.8289138   
 -0.9833 0.016667 -2.43334  0 0   0 0   0 0   0 0   0 0   0 0   3.4961501 -13.041857   0.069422994 -0.27567342   4.4444918 -1.2471744   
 -0.9833 0.016667 -2.40001  0 0   0 0   0 0   0 0   0 0   0 0   9.740418 -9.2758505   0.19476412 -0.19850006   5.2732575 1.4760038   
 -0.9833 0.016667 -2.36668  0 0   0 0   0 0   0 0   0 0   0 0   13.041537 -2.7739707   0.26021021 -0.070170128   4.408145 4.5807313   
 -0.9833 0.016667 -2.33335  0 0   0 0   0 0   0 0   0 0   0 0   12.375067 4.4667588   0.24903269 0.069422262   1.758535 7.0312901   
 -0.9833 0.016667 -2.30002  0 0   0 0   0 0   0 0   0 0   0 0   7.9542821 10.194028   0.16857093 0.17812553   -2.1554765 7.8448818   
 -0.9833 0.016667 -2.26669  0 0   0 0   0 0   0 0   0 0   0 0   1.1845257 12.61339   0.047474106 0.22489365   -6.3043117 6.4344482   
 -0.9833 0.016667 -2.23336  0 0   0 0   0 0   0 0   0 0   0 0   -5.7655199 10.970449   -0.073865617 0.19946597   -9.4309726 2.8510307   
 -0.9833 0.016667 -2.20003  0 0   0 0   0 0   0 0   0 0   0 0   -10.647125 5.8119367   -0.15657551 0.11525243   -10.433511 -2.1621647   
 -0.9833 0.016667 -2.1667  0 0   0 0   0 0   0 0   0 0   0 0   -11.855961 -1.1658591   -0.17595536 0.0045151902   -8.7298129 -7.3348456   
 -0.9833 0.016667 -2.13337  0 0   0 0   0 0   0 0   0 0   0 0   -8.965986 -7.6426428   -0.12941964 -0.092567936   -4.4859219 -11.215059   
 -0.9833 0.016667 -2.10004  0 0   0 0   0 0   0 0   0 0   0 0   -2.8965898 -11.41414   -0.037155788 -0.14139544   1.3731014 -12.596132   
 -0.9833 0.016667 -2.06671  0 0   0 0   0 0   0 0   0 0   0 0   4.350088 -11.114632   0.064718183 -0.12460278   7.3854159 -10.895603   
 -0.9833 0.016667 -2.03338  0 0   0 0   0 0   0 0   0 0   0 0   10.308947 -6.6899254   0.13629308 -0.048094217   11.950634 -6.3660242   
 -0.9833 0.016667 -2.00005  0 0   0 0   0 0   0 0   0 0   0 0   12.840495 0.53753644   0.14739201 0.060544184   13.789719 -0.065139638   
 -0.9833 0.016667 -1.96672  0 0   0 0   0 0   0 0   0 0   0 0   10.841447 8.2440517   0.088111011 0.16080089   12.328998 6.4152317   
 -0.9833 0.016667 -1.93339  0 0   0 0   0 0   0 0   0 0   0 0   4.6490051 13.814432   -0.027053038 0.21242238   7.8895912 11.388291   
 -0.9833 0.016667 -1.90006  0 0   0 0   0 0   0 0   0 0   0 0   -3.9987655 15.171781   -0.16289518 0.18886283   1.6194478 13.552781   
 -0.9833 0.016667 -1.86673  0 0   0 0   0 0   0 0   0 0   0 0   -12.448082 11.469605   -0.2739631 0.086733896   -4.8185403 12.372732   
 -0.9833 0.016667 -1.8334  0 0   0 0   0 0   0 0   0 0   0 0   -17.922473 3.4249923   -0.3186084 -0.071781728   -9.7152961 8.2415198   
 -0.9833 0.016667 -1.80007  0 0   0 0   0 0   0 0   0 0   0 0   -18.386757 -6.8224224   -0.27232151 -0.2444209   -11.805719 2.3776503   
 -0.9833 0.016667 -1.76674  0 0   0 0   0 0   0 0   0 0   0 0   -13.21722 -16.2972   -0.13624536 -0.38067728   -10.636382 -3.5214143   
 -0.9833 0.016667 -1.73341  0 0   0 0   0 0   0 0   0 0   0 0   -3.4664409 -22.054432   0.061781212 -0.43649388   -6.7012559 -7.7693115   
 -0.9833 0.016667 -1.70008  0 0   0 0   0 0   0 0   0 0   0 0   8.3698484 -22.070421   0.27405539 -0.38745882   -1.3029248 -9.1833697   
 -0.9833 0.016667 -1.66675  0 0   0 0   0 0   0 0   0 0   0 0   19.027522 -15.889714   0.44578036 -0.23660514   3.8234607 -7.4364562   
 -0.9833 0.016667 -1.63342  0 0   0 0   0 0   0 0   0 0   0 0   25.400093 -4.8286316   0.5301013 -0.014520363   7.0171972 -3.1646502   
 -0.9833 0.016667 -1.60009  0 0   0 0   0 0   0 0   0 0   0 0   25.447378 8.335442   0.50110853 0.22827684   7.1854026 2.2029264   
 -0.9833 0.016667 -1.56676  0 0   0 0   0 0   0 0   0 0   0 0   18.819403 20.108338   0.36114478 0.43451623   4.1414499 6.8465227   
 -0.9833 0.016667 -1.53343  0 0   0 0   0 0   0 0   0 0   0 0   7.0088191 27.247709   0.14042934 0.5551959   -1.309368 9.0788875   
 -0.9833 0.016667 -1.5001  0 0   0 0   0 0   0 0   0 0   0 0   -7.0188248 27.679416   -0.11079363 0.56228891   -7.5640276 7.8435173   
 -0.9833 0.016667 -1.46677  0 0   0 0   0 0   0 0   0 0   0 0   -19.61649 21.09879   -0.33530966 0.45572989   -12.645255 3.0492565   
 -0.9833 0.016667 -1.43344  0 0   0 0   0 0   0 0   0 0   0 0   -27.446814 9.0841006   -0.48356196 0.26294559   -14.74091 -4.352513   
 -0.9833 0.016667 -1.40011  0 0   0 0   0 0   0 0   0 0   0 0   -28.394518 -5.3107942   -0.52592578 0.03127381   -12.714826 -12.57196   
 -0.9833 0.016667 -1.36678  0 0   0 0   0 0   0 0   0 0   0 0   -22.145598 -18.369815   -0.45948944 -0.18449381   -6.4529263 -19.41491   
 -0.9833 0.016667 -1.33345  0 0   0 0   0 0   0 0   0 0   0 0   -10.275286 -26.706194   -0.30779945 -0.3360185   3.047342 -22.835649   
 -0.9833 0.016667 -1.30012  0 0   0 0   0 0   0 0   0 0   0 0   4.1736369 -28.158018   -0.11394683 -0.39313571   13.869071 -21.467514   
 -0.9833 0.016667 -1.26679  0 0   0 0   0 0   0 0   0 0   0 0   17.498893 -22.345739   0.070924942 -0.3505214   23.602467 -14.997765   
 -0.9833 0.016667 -1.23346  0 0   0 0   0 0   0 0   0 0   0 0   26.306571 -10.748738   0.20056228 -0.22789816   29.901258 -4.2941343   
 -0.9833 0.016667 -1.20013  0 0   0 0   0 0   0 0   0 0   0 0   28.37551 3.706094   0.24470175 -0.064100163   31.034543 8.7470021   
 -0.9833 0.016667 -1.1668  0 0   0 0   0 0   0 0   0 0   0 0   23.192579 17.418084   0.19572416 0.093174219   26.303865 21.59344   
 -0.9833 0.016667 -1.13347  0 0   0 0   0 0   0 0   0 0   0 0   12.031583 27.030841   0.069546468 0.19916731   16.230556 31.617917   
 -0.9833 0.016667 -1.10014  0 0   0 0   0 0   0 0   0 0   0 0   -2.4230183 30.248735   -0.099061234 0.22251039   2.4742523 36.662626   
 -0.9833 0.016667 -1.06681  0 0   0 0   0 0   0 0   0 0   0 0   -16.78536 26.346751   -0.26522952 0.1519712   -12.49442 35.502315   
 -0.9833 0.016667 -1.03348  0 0   0 0   0 0   0 0   0 0   0 0   -27.807943 16.262826   -0.38448661 -0.0017624561   -25.890571 28.108204   
 -0.9833 0.016667 -1.00015  0 0   0 0   0 0   0 0   0 0   0 0   -33.129725 2.2794758   -0.42248787 -0.20925819   -35.171382 15.662362   
 -0.9833 0.016667 -0.96682  0 0   0 0   0 0   0 0   0 0   0 0   -31.752198 -12.591619   -0.36189271 -0.42934116   -38.534823 0.32765269   
 -0.9833 0.016667 -0.93349  0 0   0 0   0 0   0 0   0 0   0 0   -24.150144 -25.341339   -0.20516027 -0.61805542   -35.261596 -15.171027   
 -0.9833 0.016667 -0.90016  0 0   0 0   0 0   0 0   0 0   0 0   -12.027793 -33.618326   0.026934641 -0.73749431   -25.8387 -28.062924   
 -0.9833 0.016667 -0.86683  0 0   0 0   0 0   0 0   0 0   0 0   2.1783568 -36.155987   0.30032141 -0.7626805   -11.850524 -36.039538   
 -0.9833 0.016667 -0.8335  0 0   0 0   0 0   0 0   0 0   0 0   15.895782 -32.897191   0.57479087 -0.68530718   4.3296821 -37.657313   
 -0.9833 0.016667 -0.80017  0 0   0 0   0 0   0 0   0 0   0 0   26.952221 -24.830692   0.81162703 -0.51395041   19.978361 -32.564519   
 -0.9833 0.016667 -0.76684  0 0   0 0   0 0   0 0   0 0   0 0   33.932264 -13.626014   0.98017277 -0.27112684   32.500272 -21.520659   
 -0.9833 0.016667 -0.73351  0 0   0 0   0 0   0 0   0 0   0 0   36.301074 -1.1918258   1.0622093 0.011853427   39.856095 -6.2186614   
 -0.9833 0.016667 -0.70018  0 0   0 0   0 0   0 0   0 0   0 0   34.31305 10.71957   1.0536119 0.30099336   40.864463 11.043293   
 -0.9833 0.016667 -0.66685  0 0   0 0   0 0   0 0   0 0   0 0   28.777312 20.775767   0.9633433 0.56542508   35.333505 27.76876   
 -0.9833 0.016667 -0.63352  0 0   0 0   0 0   0 0   0 0   0 0   20.775374 28.164894   0.81033787 0.78192484   24.012916 41.668481   
 -0.9833 0.016667 -0.60019  0 0   0 0   0 0   0 0   0 0   0 0   11.417008 32.555971   0.61914188 0.93751101   8.3922091 50.99141   
 -0.9833 0.016667 -0.56686  0 0   0 0   0 0   0 0   0 0   0 0   1.6862921 33.977295   0.41526986 1.0299587   -9.6024742 54.729504   
 -0.9833 0.016667 -0.53353  0 0   0 0   0 0   0 0   0 0   0 0   -7.6136599 32.680322   0.22114241 1.0664753   -27.946665 52.673926   
 -0.9833 0.016667 -0.5002  0 0   0 0   0 0   0 0   0 0   0 0   -15.845643 29.040706   0.053226142 1.0610834   -44.825267 45.331441   
 -0.9833 0.016667 -0.46687  0 0   0 0   0 0   0 0   0 0   0 0   -22.499796 23.516898   -0.079325115 1.0314153   -58.8579 33.73611   
 -0.9833 0.016667 -0.43354  0 0   0 0   0 0   0 0   0 0   0 0   -27.174594 16.653869   -0.17455922 0.99562491   -69.213347 19.207567   
 -0.9833 0.016667 -0.40021  0 0   0 0   0 0   0 0   0 0   0 0   -29.599042 9.0977843   -0.2364519 0.96999824   -75.611256 3.1106602   
 -0.9833 0.016667 -0.36688  0 0   0 0   0 0   0 0   0 0   0 0   -29.689317 1.5840532   -0.27295447 0.96763126   -78.232998 -13.337689   
 -0.9833 0.016667 -0.33355  0 0   0 0   0 0   0 0   0 0   0 0   -27.609775 -5.1241814   -0.29390521 0.99831152   -77.579314 -29.186548   
 -0.9833 0.016667 -0.30022  0 0   0 0   0 0   0 0   0 0   0 0   -23.799531 -10.344559   -0.30929329 1.0695487   -74.317102 -43.788007   
 -0.9833 0.016667 -0.26689  0 0   0 0   0 0   0 0   0 0   0 0   -18.934758 -13.603101   -0.32823352 1.1886303   -69.151383 -56.767164   
 -0.9833 0.016667 -0.23356  0 0   0 0   0 0   0 0   0 0   0 0   -13.819759 -14.738177   -0.35886601 1.3657233   -62.744168 -67.952084   
 -0.9833 0.016667 -0.20023  0 0   0 0   0 0   0 0   0 0   0 0   -9.2276267 -13.940073   -0.40933505 1.6186005   -55.684211 -77.294135   
 -0.9833 0.016667 -0.1669  0 0   0 0   0 0   0 0   0 0   0 0   -5.7331967 -11.703756   -0.49021729 1.981083   -48.496098 -84.802578   
 -0.9833 0.016667 -0.13357  0 0   0 0   0 0   0 0   0 0   0 0   -3.5883743 -8.7007352   -0.61979252 2.5217208   -41.668334 -90.501929   
 -0.9833 0.016667 -0.10024  0 0   0 0   0 0   0 0   0 0   0 0   -2.6796955 -5.60393   -0.83742443 3.3945744   -35.68254 -94.392106   
 -0.9833 0.016667 -0.06691  0 0   0 0   0 0   0 0   0 0   0 0   -2.5832952 -2.9170617   -1.2466808 5.0083277   -31.055357 -96.289137   
 -0.9833 0.016667 -0.03358  0 0   0 0   0 0   0 0   0 0   0 0   -2.7017926 -0.86073123   -2.161087 8.6020412   -28.66145 -94.44932   
 -0.9833 0.016667 -0.00025  0 0   0 0   0 0   0 0   0 0   0 0   -2.441508 0.64950262   -0.07421374 0.32308748   -31.849644 -77.015223   
 -0.9833 0.016667 0.03308  0 0   0 0   0 0   0 0   0 0   0 0   -1.3759248 1.9266102   2.1946014 -8.6844681   -28.340503 -93.309266   
 -0.9833 0.016667 0.06641  0 0   0 0   0 0   0 0   0 0   0 0   0.65330473 3.3620153   1.2618378 -5.0441968   -30.491222 -94.543574   
 -0.9833 0.016667 0.09974  0 0   0 0   0 0   0 0   0 0   0 0   3.5250667 5.2502096   0.83899065 -3.4104677   -35.099918 -92.543158   
 -0.9833 0.016667 0.13307  0 0   0 0   0 0   0 0   0 0   0 0   6.9142806 7.6441682   0.61127045 -2.5282163   -41.280019 -89.160956   
 -0.9833 0.016667 0.1664  0 0   0 0   0 0   0 0   0 0   0 0   10.422543 10.287677   0.4761395 -1.9829469   -48.439495 -84.430751   
 -0.9833 0.016667 0.19973  0 0   0 0   0 0   0 0   0 0   0 0   13.714708 12.646405   0.39522377 -1.6189868   -55.970377 -78.046763   
 -0.9833 0.016667 0.23306  0 0   0 0   0 0   0 0   0 0   0 0   16.611617 14.029138   0.34986196 -1.3668764   -63.251023 -69.62773   
 -0.9833 0.016667 0.26639  0 0   0 0   0 0   0 0   0 0   0 0   19.105733 13.763881   0.32758813 -1.1917687   -69.665968 -58.873287   
 -0.9833 0.016667 0.29972  0 0   0 0   0 0   0 0   0 0   0 0   21.294591 11.37873   0.31740843 -1.0747114   -74.613404 -45.700331   
 -0.9833 0.016667 0.33305  0 0   0 0   0 0   0 0   0 0   0 0   23.25728 6.7385289   0.30828758 -1.0044539   -77.504894 -30.349594   
 -0.9833 0.016667 0.36638  0 0   0 0   0 0   0 0   0 0   0 0   24.921632 0.10387318   0.28910783 -0.97303624   -77.773418 -13.441141   
 -0.9833 0.016667 0.39971  0 0   0 0   0 0   0 0   0 0   0 0   25.976684 -7.8969995   0.24940645 -0.97291341   -74.907812 4.0364515   
 -0.9833 0.016667 0.43304  0 0   0 0   0 0   0 0   0 0   0 0   25.873728 -16.368824   0.18052548 -0.99493646   -68.524921 20.806726   
 -0.9833 0.016667 0.46637  0 0   0 0   0 0   0 0   0 0   0 0   23.932842 -24.2914   0.076924361 -1.0271388   -58.476955 35.446627   
 -0.9833 0.016667 0.4997  0 0   0 0   0 0   0 0   0 0   0 0   19.537924 -30.667717   -0.06255429 -1.0544964   -44.974584 46.568885   
 -0.9833 0.016667 0.53303  0 0   0 0   0 0   0 0   0 0   0 0   12.372065 -34.650072   -0.23367487 -1.0598238   -28.691676 53.019539   
 -0.9833 0.016667 0.56636  0 0   0 0   0 0   0 0   0 0   0 0   2.6260398 -35.630802   -0.42628298 -1.0258076   -10.810788 54.06245   
 -0.9833 0.016667 0.59969  0 0   0 0   0 0   0 0   0 0   0 0   -8.8881416 -33.299359   -0.62450408 -0.93792958   7.0267533 49.523994   
 -0.9833 0.016667 0.63302  0 0   0 0   0 0   0 0   0 0   0 0   -20.768131 -27.676483   -0.80788085 -0.78776568   22.885096 39.874996   
 -0.9833 0.016667 0.66635  0 0   0 0   0 0   0 0   0 0   0 0   -31.212317 -19.135593   -0.95356511 -0.57593909   34.804712 26.232572   
 -0.9833 0.016667 0.69968  0 0   0 0   0 0   0 0   0 0   0 0   -38.345973 -8.4121087   -1.0394955 -0.31392983   41.141862 10.271996   
 -0.9833 0.016667 0.73301  0 0   0 0   0 0   0 0   0 0   0 0   -40.619619 3.4117768   -1.0482352 -0.02404469   40.912854 -5.9515544   
 -0.9833 0.016667 0.76634  0 0   0 0   0 0   0 0   0 0   0 0   -37.191718 14.96903   -0.97086563 0.2628533   34.065648 -20.259066   
 -0.9833 0.016667 0.79967  0 0   0 0   0 0   0 0   0 0   0 0   -28.202284 24.737999   -0.81011636 0.51180357   21.605287 -30.654614   
 -0.9833 0.016667 0.833  0 0   0 0   0 0   0 0   0 0   0 0   -14.86053 31.248495   -0.58184679 0.68981131   5.5228729 -35.641439   
 -0.9833 0.016667 0.86633  0 0   0 0   0 0   0 0   0 0   0 0   0.69423256 33.34595   -0.31415578 0.77244105   -11.483243 -34.49425   
 -0.9833 0.016667 0.89966  0 0   0 0   0 0   0 0   0 0   0 0   15.750355 30.466683   -0.043801448 0.74954672   -26.45842 -27.431513   
 -0.9833 0.016667 0.93299  0 0   0 0   0 0   0 0   0 0   0 0   27.540888 22.85488   0.18978753 0.62871204   -36.735116 -15.639988   
 -0.9833 0.016667 0.96632  0 0   0 0   0 0   0 0   0 0   0 0   33.818071 11.646866   0.35196078 0.43529089   -40.459107 -1.1254449   
 -0.9833 0.016667 0.99965  0 0   0 0   0 0   0 0   0 0   0 0   33.360552 -1.2332671   0.42025013 0.20858466   -36.982215 13.603613   
 -0.9833 0.016667 1.03298  0 0   0 0   0 0   0 0   0 0   0 0   26.29241 -13.381268   0.3899615 -0.0054382237   -27.025678 25.974426   
 -0.9833 0.016667 1.06631  0 0   0 0   0 0   0 0   0 0   0 0   14.125442 -22.382988   0.27635466 -0.16357573   -12.563489 33.831841   
 -0.9833 0.016667 1.09964  0 0   0 0   0 0   0 0   0 0   0 0   -0.50722555 -26.352743   0.11244042 -0.23497517   3.5638775 35.864549   
 -0.9833 0.016667 1.13297  0 0   0 0   0 0   0 0   0 0   0 0   -14.388252 -24.409819   -0.057581731 -0.20858177   18.231821 31.878162   
 -0.9833 0.016667 1.1663  0 0   0 0   0 0   0 0   0 0   0 0   -24.418129 -16.960357   -0.18808833 -0.096443213   28.686693 22.843679   
 -0.9833 0.016667 1.19963  0 0   0 0   0 0   0 0   0 0   0 0   -28.32763 -5.6874155   -0.24286609 0.068306525   33.127236 10.696993   
 -0.9833 0.016667 1.23296  0 0   0 0   0 0   0 0   0 0   0 0   -25.230869 6.7794102   -0.20436483 0.23871986   31.077255 -2.0768198   
 -0.9833 0.016667 1.26629  0 0   0 0   0 0   0 0   0 0   0 0   -15.874936 17.458217   -0.078864672 0.36514025   23.459308 -12.986053   
 -0.9833 0.016667 1.29962  0 0   0 0   0 0   0 0   0 0   0 0   -2.506801 23.737796   0.10409714 0.40759208   12.348385 -20.077254   
 -0.9833 0.016667 1.33295  0 0   0 0   0 0   0 0   0 0   0 0   11.631147 24.046514   0.29830293 0.34636186   0.46160266 -22.351674   
 -0.9833 0.016667 1.36628  0 0   0 0   0 0   0 0   0 0   0 0   23.070176 18.284278   0.45210294 0.18791666   -9.494288 -19.950099   
 -0.9833 0.016667 1.39961  0 0   0 0   0 0   0 0   0 0   0 0   28.967246 7.8871382   0.52163969 -0.035658156   -15.458894 -14.058992   
 -0.9833 0.016667 1.43294  0 0   0 0   0 0   0 0   0 0   0 0   27.825928 -4.5122141   0.4826317 -0.27390329   -16.481538 -6.5618675   
 -0.9833 0.016667 1.46627  0 0   0 0   0 0   0 0   0 0   0 0   19.89472 -15.753985   0.33748081 -0.47032384   -12.898527 0.47318322   
 -0.9833 0.016667 1.4996  0 0   0 0   0 0   0 0   0 0   0 0   7.1269845 -22.980236   0.1155705 -0.57676199   -6.1836414 5.3345532   
 -0.9833 0.016667 1.53293  0 0   0 0   0 0   0 0   0 0   0 0   -7.3014365 -24.399657   -0.13360521 -0.56603418   1.4845761 7.093087   
 -0.9833 0.016667 1.56626  0 0   0 0   0 0   0 0   0 0   0 0   -19.801797 -19.773419   -0.35286773 -0.43936671   7.8216665 5.8002033   
 -0.9833 0.016667 1.59959  0 0   0 0   0 0   0 0   0 0   0 0   -27.300784 -10.478925   -0.49210498 -0.22645988   11.042401 2.4080947   
 -0.9833 0.016667 1.63292  0 0   0 0   0 0   0 0   0 0   0 0   -28.039725 0.87547423   -0.52135048 0.022020392   10.312432 -1.5607703   
 -0.9833 0.016667 1.66625  0 0   0 0   0 0   0 0   0 0   0 0   -22.02529 11.183137   -0.43854301 0.24761539   5.9298714 -4.4974567   
 -0.9833 0.016667 1.69958  0 0   0 0   0 0   0 0   0 0   0 0   -11.003954 17.71451   -0.26973338 0.39936345   -0.80496776 -5.2035589   
 -0.9833 0.016667 1.73291  0 0   0 0   0 0   0 0   0 0   0 0   2.0364339 18.88477   -0.061610829 0.44698685   -7.9876213 -3.2586274   
 -0.9833 0.016667 1.76624  0 0   0 0   0 0   0 0   0 0   0 0   13.700808 14.690695   0.13157769 0.38828602   -13.658382 0.84601589   
 -0.9833 0.016667 1.79957  0 0   0 0   0 0   0 0   0 0   0 0   21.121943 6.6883554   0.26299883 0.24866803   -16.345559 5.8418266   
 -0.9833 0.016667 1.8329  0 0   0 0   0 0   0 0   0 0   0 0   22.730149 -2.4811246   0.30579839 0.072991121   -15.451052 10.040321   
 -0.9833 0.016667 1.86623  0 0   0 0   0 0   0 0   0 0   0 0   18.636639 -9.8731222   0.25965065 -0.087856297   -11.372287 11.797538   
 -0.9833 0.016667 1.89956  0 0   0 0   0 0   0 0   0 0   0 0   10.518499 -13.083104   0.14945304 -0.1916773   -5.3250879 9.9241675   
 -0.9833 0.016667 1.93289  0 0   0 0   0 0   0 0   0 0   0 0   1.0249949 -10.860385   0.01666928 -0.21664891   1.112084 3.840941   
 -0.9833 0.016667 1.96622  0 0   0 0   0 0   0 0   0 0   0 0   -7.2281051 -3.1426772   -0.09396968 -0.16655459   6.8273008 -6.9134815   
 -0.9833 0.016667 1.99955  0 0   0 0   0 0   0 0   0 0   0 0   -14.073931 10.534607   -0.14830609 -0.068123931   14.815048 -25.907402   
 -0.9833 0.016667 2.03288  0 0   0 0   0 0   0 0   0 0   0 0   -46.571284 1.262836   -0.13289769 0.038549423   84.57307 2.3755766   
 -0.9833 0.016667 2.06621  0 0   0 0   0 0   0 0   0 0   0 0   -6.6832006 2.4753305   -0.058393159 0.1134228   7.7925555 8.6344583   
 -0.9833 0.016667 2.09954  0 0   0 0   0 0   0 0   0 0   0 0   2.4934279 9.0612939   0.044801962 0.12950313   -1.9494436 -3.8447129   
 -0.9833 0.016667 2.13287  0 0   0 0   0 0   0 0   0 0   0 0   9.4042311 7.9016078   0.13709031 0.08134601   -7.6167939 -6.5947231   
 -0.9833 0.016667 2.1662  0 0   0 0   0 0   0 0   0 0   0 0   13.194204 2.343949   0.18304343 -0.013579795   -11.080605 -4.8405853   
 -0.9833 0.016667 2.19953  0 0   0 0   0 0   0 0   0 0   0 0   12.709695 -4.8512579   0.16325388 -0.12101834   -11.971526 -0.942854   
 -0.9833 0.016667 2.23286  0 0   0 0   0 0   0 0   0 0   0 0   8.0552235 -10.907529   0.080873348 -0.20150903   -10.310685 3.2579631   
 -0.9833 0.016667 2.26619  0 0   0 0   0 0   0 0   0 0   0 0   0.67980271 -13.620569   -0.039254799 -0.22365222   -6.7390087 6.3522562   
 -0.9833 0.016667 2.29952  0 0   0 0   0 0   0 0   0 0   0 0   -7.0743088 -11.966534   -0.15857562 -0.17475361   -2.3373319 7.5455912   
 -0.9833 0.016667 2.33285  0 0   0 0   0 0   0 0   0 0   0 0   -12.726293 -6.3831679   -0.23733161 -0.065394718   1.709565 6.7512282   
 -0.9833 0.016667 2.36618  0 0   0 0   0 0   0 0   0 0   0 0   -14.455849 1.3994399   -0.24755647 0.073560492   4.4631044 4.5014668   
 -0.9833 0.016667 2.39951  0 0   0 0   0 0   0 0   0 0   0 0   -11.68621 8.9318778   -0.18235325 0.20057024   5.4800295 1.6972146   
 -0.9833 0.016667 2.43284  0 0   0 0   0 0   0 0   0 0   0 0   -5.2644766 13.839428   -0.058455562 0.27654411   4.8887896 -0.72275172   
 -0.9833 0.016667 2.46617  0 0   0 0   0 0   0 0   0 0   0 0   2.815591 14.582373   0.088761488 0.27727588   3.2815445 -2.0870492   
 -0.9833 0.016667 2.4995  0 0   0 0   0 0   0 0   0 0   0 0   10.055073 10.94002   0.21622141 0.20119052   1.469733 -2.1788423   
