0.753127  -1.19806
0.772787  -1.28508
0.845991  -1.33881
0.944034  -1.80931
1.08245  -4.15748
1.09622  -4.17608
1.22053  -3.85288
1.28265  -3.59181
1.38679  -5.04981
1.46123  -6.29379
1.52895  -6.68053
1.68158  -7.06116
1.69047  -7.19606
2.56737  -10.0941
2.6034  -10.1058
2.7225  -13.0577
3.18512  -16.103
3.19038  -16.3227
3.26602  -11.0148
3.37215  -15.32
3.7184  -17.0502
3.74092  -22.7578
3.94011  -19.1125
4.04079  -21.4032
4.16043  -14.6808
4.24396  -15.8539
4.59012  -21.0257
5.03698  -22.9192
