0.753127  -1.16946
0.772787  -1.29433
0.845991  -1.30312
0.944034  -1.78393
1.08245  -4.18506
1.09622  -4.18103
1.22053  -3.86484
1.28265  -3.61504
1.38679  -5.03088
1.46123  -6.35688
1.52895  -6.68053
1.68158  -7.06116
1.69047  -7.19606
2.56737  -10.0368
2.6034  -10.1058
2.7225  -13.0577
3.18512  -16.0714
3.19038  -16.2856
3.26602  -11.0148
3.37215  -15.2293
3.7184  -16.9175
3.74092  -22.6771
3.94011  -19.1125
4.04079  -21.4235
4.16043  -14.6808
4.24396  -15.8539
4.59012  -21.0257
5.03698  -22.9192
