0.753127  -0.616337
0.772787  -0.941961
0.845991  -0.730845
0.944034  -1.6638
1.08245  -3.44055
1.09622  -4.06093
1.22053  -4.16602
1.28265  -3.55183
1.38679  -4.64236
1.46123  -6.22289
1.52895  -7.83429
1.68158  -4.56954
1.69047  -7.3415
2.56737  -7.62513
2.6034  -10.4306
2.7225  -10.99
3.18512  -10.9674
3.19038  -11.2125
3.26602  -9.02522
3.37215  -10.515
3.7184  -14.1611
3.74092  -12.5229
3.94011  -12.0752
4.04079  -12.6708
4.16043  -12.2739
4.24396  -13.1923
4.59012  -13.4477
5.03698  -12.1601
