0.753127  -0.632695
0.772787  -0.786228
0.845991  -0.501315
0.944034  -1.88329
1.08245  -3.88763
1.09622  -4.00788
1.22053  -4.08126
1.28265  -4.02895
1.38679  -4.84466
1.46123  -6.37888
1.52895  -7.82725
1.68158  -5.51123
1.69047  -7.35517
2.56737  -9.31927
2.6034  -10.4047
2.7225  -12.3177
3.18512  -11.1765
3.19038  -10.6887
3.26602  -10.1109
3.37215  -12.3107
3.7184  -14.738
3.74092  -15.3035
3.94011  -15.4127
4.04079  -14.9187
4.16043  -13.8985
4.24396  -15.4701
4.59012  -18.5185
5.03698  -14.9136
