0.753127  2.16337
0.772787  1.87595
0.845991  1.88355
0.944034  0.442385
1.08245  -2.95888
1.09622  -1.48986
1.22053  0.376337
1.28265  -2.06514
1.38679  -3.92747
1.46123  -3.86737
1.52895  -3.1642
1.68158  -5.29118
1.69047  -5.04658
2.56737  -8.54835
2.6034  -6.69362
2.7225  -8.95737
3.18512  -13.611
3.19038  -14.7562
3.26602  -9.04554
3.37215  -11.8627
3.7184  -14.7959
3.74092  -22.9475
3.94011  -22.1044
4.04079  -22.4444
4.16043  -13.0683
4.24396  -15.0333
4.59012  -20.2707
5.03698  -16.1525
