0.753127  2.13539
0.772787  1.84275
0.845991  1.83818
0.944034  0.531748
1.08245  -2.91685
1.09622  -1.60423
1.22053  0.410017
1.28265  -2.00544
1.38679  -3.76627
1.46123  -3.77631
1.52895  -3.1642
1.68158  -5.29118
1.69047  -5.04658
2.56737  -8.58676
2.6034  -6.69362
2.7225  -8.95737
3.18512  -13.6768
3.19038  -14.8349
3.26602  -9.04554
3.37215  -11.9141
3.7184  -14.9619
3.74092  -23.0693
3.94011  -22.1044
4.04079  -22.3644
4.16043  -13.0683
4.24396  -15.0333
4.59012  -20.2707
5.03698  -16.1525
