0.753127  2.31974
0.772787  2.26291
0.845991  3.13748
0.944034  0.438866
1.08245  -1.34924
1.09622  -1.07933
1.22053  -0.809512
1.28265  -3.70035
1.38679  -4.46847
1.46123  -3.31608
1.52895  -4.06718
1.68158  -2.67053
1.69047  -6.27153
2.56737  -7.66947
2.6034  -9.02401
2.7225  -6.04637
3.18512  -6.2175
3.19038  -8.02468
3.26602  -9.34556
3.37215  -5.0617
3.7184  -11.6526
3.74092  -9.23224
3.94011  -8.50738
4.04079  -8.50041
4.16043  -9.78833
4.24396  -12.7091
4.59012  -9.13179
5.03698  -8.77073
