0.753127  2.48461
0.772787  2.22562
0.845991  2.94293
0.944034  0.677872
1.08245  -1.17864
1.09622  -0.994872
1.22053  -1.07085
1.28265  -4.19884
1.38679  -4.31706
1.46123  -3.16243
1.52895  -5.31117
1.68158  -1.05021
1.69047  -5.90563
2.56737  -5.50333
2.6034  -6.87522
2.7225  -6.86157
3.18512  -6.7858
3.19038  -8.38739
3.26602  -6.68783
3.37215  -5.8265
3.7184  -9.85852
3.74092  -8.71354
3.94011  -9.20844
4.04079  -8.74267
4.16043  -13.2516
4.24396  -12.3364
4.59012  -11.6586
5.03698  -8.05746
