 -2 0 0
 -0.983333 0.0166667 -2.5
 -0.983333 0.0166667 -2.475
 -0.983333 0.0166667 -2.45
 -0.983333 0.0166667 -2.425
 -0.983333 0.0166667 -2.4
 -0.983333 0.0166667 -2.375
 -0.983333 0.0166667 -2.35
 -0.983333 0.0166667 -2.325
 -0.983333 0.0166667 -2.3
 -0.983333 0.0166667 -2.275
 -0.983333 0.0166667 -2.25
 -0.983333 0.0166667 -2.225
 -0.983333 0.0166667 -2.2
 -0.983333 0.0166667 -2.175
 -0.983333 0.0166667 -2.15
 -0.983333 0.0166667 -2.125
 -0.983333 0.0166667 -2.1
 -0.983333 0.0166667 -2.075
 -0.983333 0.0166667 -2.05
 -0.983333 0.0166667 -2.025
 -0.983333 0.0166667 -2
 -0.983333 0.0166667 -1.975
 -0.983333 0.0166667 -1.95
 -0.983333 0.0166667 -1.925
 -0.983333 0.0166667 -1.9
 -0.983333 0.0166667 -1.875
 -0.983333 0.0166667 -1.85
 -0.983333 0.0166667 -1.825
 -0.983333 0.0166667 -1.8
 -0.983333 0.0166667 -1.775
 -0.983333 0.0166667 -1.75
 -0.983333 0.0166667 -1.725
 -0.983333 0.0166667 -1.7
 -0.983333 0.0166667 -1.675
 -0.983333 0.0166667 -1.65
 -0.983333 0.0166667 -1.625
 -0.983333 0.0166667 -1.6
 -0.983333 0.0166667 -1.575
 -0.983333 0.0166667 -1.55
 -0.983333 0.0166667 -1.525
 -0.983333 0.0166667 -1.5
 -0.983333 0.0166667 -1.475
 -0.983333 0.0166667 -1.45
 -0.983333 0.0166667 -1.425
 -0.983333 0.0166667 -1.4
 -0.983333 0.0166667 -1.375
 -0.983333 0.0166667 -1.35
 -0.983333 0.0166667 -1.325
 -0.983333 0.0166667 -1.3
 -0.983333 0.0166667 -1.275
 -0.983333 0.0166667 -1.25
 -0.983333 0.0166667 -1.225
 -0.983333 0.0166667 -1.2
 -0.983333 0.0166667 -1.175
 -0.983333 0.0166667 -1.15
 -0.983333 0.0166667 -1.125
 -0.983333 0.0166667 -1.1
 -0.983333 0.0166667 -1.075
 -0.983333 0.0166667 -1.05
 -0.983333 0.0166667 -1.025
 -0.983333 0.0166667 -1
 -0.983333 0.0166667 -0.975
 -0.983333 0.0166667 -0.95
 -0.983333 0.0166667 -0.925
 -0.983333 0.0166667 -0.9
 -0.983333 0.0166667 -0.875
 -0.983333 0.0166667 -0.85
 -0.983333 0.0166667 -0.825
 -0.983333 0.0166667 -0.8
 -0.983333 0.0166667 -0.775
 -0.983333 0.0166667 -0.75
 -0.983333 0.0166667 -0.725
 -0.983333 0.0166667 -0.7
 -0.983333 0.0166667 -0.675
 -0.983333 0.0166667 -0.65
 -0.983333 0.0166667 -0.625
 -0.983333 0.0166667 -0.6
 -0.983333 0.0166667 -0.575
 -0.983333 0.0166667 -0.55
 -0.983333 0.0166667 -0.525
 -0.983333 0.0166667 -0.5
 -0.983333 0.0166667 -0.475
 -0.983333 0.0166667 -0.45
 -0.983333 0.0166667 -0.425
 -0.983333 0.0166667 -0.4
 -0.983333 0.0166667 -0.375
 -0.983333 0.0166667 -0.35
 -0.983333 0.0166667 -0.325
 -0.983333 0.0166667 -0.3
 -0.983333 0.0166667 -0.275
 -0.983333 0.0166667 -0.25
 -0.983333 0.0166667 -0.225
 -0.983333 0.0166667 -0.2
 -0.983333 0.0166667 -0.175
 -0.983333 0.0166667 -0.15
 -0.983333 0.0166667 -0.125
 -0.983333 0.0166667 -0.1
 -0.983333 0.0166667 -0.075
 -0.983333 0.0166667 -0.05
 -0.983333 0.0166667 -0.025
 -0.983333 0.0166667 0
 -0.983333 0.0166667 0.025
 -0.983333 0.0166667 0.05
 -0.983333 0.0166667 0.075
 -0.983333 0.0166667 0.1
 -0.983333 0.0166667 0.125
 -0.983333 0.0166667 0.15
 -0.983333 0.0166667 0.175
 -0.983333 0.0166667 0.2
 -0.983333 0.0166667 0.225
 -0.983333 0.0166667 0.25
 -0.983333 0.0166667 0.275
 -0.983333 0.0166667 0.3
 -0.983333 0.0166667 0.325
 -0.983333 0.0166667 0.35
 -0.983333 0.0166667 0.375
 -0.983333 0.0166667 0.4
 -0.983333 0.0166667 0.425
 -0.983333 0.0166667 0.45
 -0.983333 0.0166667 0.475
 -0.983333 0.0166667 0.5
 -0.983333 0.0166667 0.525
 -0.983333 0.0166667 0.55
 -0.983333 0.0166667 0.575
 -0.983333 0.0166667 0.6
 -0.983333 0.0166667 0.625
 -0.983333 0.0166667 0.65
 -0.983333 0.0166667 0.675
 -0.983333 0.0166667 0.7
 -0.983333 0.0166667 0.725
 -0.983333 0.0166667 0.75
 -0.983333 0.0166667 0.775
 -0.983333 0.0166667 0.8
 -0.983333 0.0166667 0.825
 -0.983333 0.0166667 0.85
 -0.983333 0.0166667 0.875
 -0.983333 0.0166667 0.9
 -0.983333 0.0166667 0.925
 -0.983333 0.0166667 0.95
 -0.983333 0.0166667 0.975
 -0.983333 0.0166667 1
 -0.983333 0.0166667 1.025
 -0.983333 0.0166667 1.05
 -0.983333 0.0166667 1.075
 -0.983333 0.0166667 1.1
 -0.983333 0.0166667 1.125
 -0.983333 0.0166667 1.15
 -0.983333 0.0166667 1.175
 -0.983333 0.0166667 1.2
 -0.983333 0.0166667 1.225
 -0.983333 0.0166667 1.25
 -0.983333 0.0166667 1.275
 -0.983333 0.0166667 1.3
 -0.983333 0.0166667 1.325
 -0.983333 0.0166667 1.35
 -0.983333 0.0166667 1.375
 -0.983333 0.0166667 1.4
 -0.983333 0.0166667 1.425
 -0.983333 0.0166667 1.45
 -0.983333 0.0166667 1.475
 -0.983333 0.0166667 1.5
 -0.983333 0.0166667 1.525
 -0.983333 0.0166667 1.55
 -0.983333 0.0166667 1.575
 -0.983333 0.0166667 1.6
 -0.983333 0.0166667 1.625
 -0.983333 0.0166667 1.65
 -0.983333 0.0166667 1.675
 -0.983333 0.0166667 1.7
 -0.983333 0.0166667 1.725
 -0.983333 0.0166667 1.75
 -0.983333 0.0166667 1.775
 -0.983333 0.0166667 1.8
 -0.983333 0.0166667 1.825
 -0.983333 0.0166667 1.85
 -0.983333 0.0166667 1.875
 -0.983333 0.0166667 1.9
 -0.983333 0.0166667 1.925
 -0.983333 0.0166667 1.95
 -0.983333 0.0166667 1.975
 -0.983333 0.0166667 2
 -0.983333 0.0166667 2.025
 -0.983333 0.0166667 2.05
 -0.983333 0.0166667 2.075
 -0.983333 0.0166667 2.1
 -0.983333 0.0166667 2.125
 -0.983333 0.0166667 2.15
 -0.983333 0.0166667 2.175
 -0.983333 0.0166667 2.2
 -0.983333 0.0166667 2.225
 -0.983333 0.0166667 2.25
 -0.983333 0.0166667 2.275
 -0.983333 0.0166667 2.3
 -0.983333 0.0166667 2.325
 -0.983333 0.0166667 2.35
 -0.983333 0.0166667 2.375
 -0.983333 0.0166667 2.4
 -0.983333 0.0166667 2.425
 -0.983333 0.0166667 2.45
 -0.983333 0.0166667 2.475
 -0.983333 0.0166667 2.5
