1.468  0.321316  69.8
2.468  0.367841  76
3.468  0.468668  72.2
4.468  0.277163  58.9
5.468  0.408323  55.3
6.468  0.583681  65
7.468  0.428651  75
8.468  0.368603  72.6
9.468  0.300526  75.1
10.468  0.130817  83.7
11.468  0.133817  79.9
12.468  0.178401  73.6
12.718  0.112605  82.9
12.968  0.109719  79.4
13.218  0.124851  81.6
13.468  0.14382  80
13.718  0.146337  92.9
13.968  0.135056  90.2
14.218  0.0751829  81.4
14.468  0.0998883  85.2
14.718  0.0992097  91.5
14.968  0.116985  86.2
15.218  0.121375  71.1
15.468  0.112531  87.6
15.718  0.0936243  82.3
15.968  0.119523  80.8
16.218  0.174154  81.7
16.468  0.120803  76.6
16.718  0.104977  79.9
16.968  0.137696  78.5
17.218  0.158047  76.8
17.468  0.140944  79.4
17.718  0.0974701  79.2
17.968  0.100617  77
18.218  0.140647  83.2
18.468  0.1612  81.6
