1.468  0.319072  69.8
2.468  0.37951  76
3.468  0.500504  72.2
4.468  0.259826  58.9
5.468  0.429762  55.3
6.468  0.568021  65
7.468  0.44715  75
8.468  0.372958  72.6
9.468  0.330072  75.1
10.468  0.183344  83.7
11.468  0.16138  79.9
12.468  0.235033  73.6
12.718  0.184071  82.9
12.968  0.102929  79.4
13.218  0.0782351  81.6
13.468  0.0869615  80
13.718  0.111901  92.9
13.968  0.141341  90.2
14.218  0.083378  81.4
14.468  0.0766034  85.2
14.718  0.114279  91.5
14.968  0.127423  86.2
15.218  0.134035  71.1
15.468  0.129186  87.6
15.718  0.135546  82.3
15.968  0.130995  80.8
16.218  0.177422  81.7
16.468  0.119669  76.6
16.718  0.0889074  79.9
16.968  0.115816  78.5
17.218  0.141707  76.8
17.468  0.128364  79.4
17.718  0.0962478  79.2
17.968  0.0747224  77
18.218  0.103439  83.2
18.468  0.129659  81.6
