1.468  0.113709  69.8
2.468  0.110168  76
3.468  0.255033  72.2
4.468  0.471629  58.9
5.468  0.571294  55.3
6.468  0.401526  65
7.468  0.28076  75
8.468  0.189961  72.6
9.468  0.140606  75.1
10.468  0.063154  83.7
11.468  0.044707  79.9
12.468  0.0672249  73.6
12.718  0.0947372  82.9
12.968  0.0546868  79.4
13.218  0.0860792  81.6
13.468  0.0684165  80
13.718  0.0466686  92.9
13.968  0.0745568  90.2
14.218  0.101059  81.4
14.468  0.0756859  85.2
14.718  0.0364173  91.5
14.968  0.0524387  86.2
15.218  0.0836473  71.1
15.468  0.0769848  87.6
15.718  0.0422124  82.3
15.968  0.0401456  80.8
16.218  0.06768  81.7
16.468  0.0445956  76.6
16.718  0.0428213  79.9
16.968  0.0388389  78.5
17.218  0.0415646  76.8
17.468  0.0609061  79.4
17.718  0.0718575  79.2
17.968  0.0602504  77
18.218  0.0531814  83.2
18.468  0.037265  81.6
