1.468  0.308271  69.8
2.468  0.178914  76
3.468  0.637226  72.2
4.468  0.478052  58.9
5.468  0.821604  55.3
6.468  0.613321  65
7.468  0.565839  75
8.468  0.239343  72.6
9.468  0.305829  75.1
10.468  0.298763  83.7
11.468  0.207318  79.9
12.468  0.258457  73.6
12.718  0.23711  82.9
12.968  0.166995  79.4
13.218  0.181959  81.6
13.468  0.19822  80
13.718  0.18747  92.9
13.968  0.211473  90.2
14.218  0.172393  81.4
14.468  0.142078  85.2
14.718  0.129347  91.5
14.968  0.171019  86.2
15.218  0.218232  71.1
15.468  0.204434  87.6
15.718  0.18305  82.3
15.968  0.193732  80.8
16.218  0.220121  81.7
16.468  0.203013  76.6
16.718  0.177138  79.9
16.968  0.183022  78.5
17.218  0.191758  76.8
17.468  0.196578  79.4
17.718  0.18102  79.2
17.968  0.168582  77
18.218  0.153119  83.2
18.468  0.159437  81.6
