1.468  0.283984  69.8
2.468  0.386136  76
3.468  0.629454  72.2
4.468  0.272029  58.9
5.468  0.51747  55.3
6.468  0.517425  65
7.468  0.46467  75
8.468  0.308854  72.6
9.468  0.302592  75.1
10.468  0.161975  83.7
11.468  0.11761  79.9
12.468  0.195066  73.6
12.718  0.145688  82.9
12.968  0.0841872  79.4
13.218  0.116704  81.6
13.468  0.137022  80
13.718  0.1024  92.9
13.968  0.122581  90.2
14.218  0.10652  81.4
14.468  0.0602747  85.2
14.718  0.0569723  91.5
14.968  0.0852136  86.2
15.218  0.116034  71.1
15.468  0.0889043  87.6
15.718  0.0975318  82.3
15.968  0.0884769  80.8
16.218  0.130524  81.7
16.468  0.087161  76.6
16.718  0.0654997  79.9
16.968  0.0828116  78.5
17.218  0.0963138  76.8
17.468  0.0867185  79.4
17.718  0.0600621  79.2
17.968  0.116622  77
18.218  0.140298  83.2
18.468  0.156893  81.6
