1.468  0.35242  69.8
2.468  0.376733  76
3.468  0.513442  72.2
4.468  0.282873  58.9
5.468  0.386366  55.3
6.468  0.542352  65
7.468  0.394955  75
8.468  0.293798  72.6
9.468  0.273811  75.1
10.468  0.128962  83.7
11.468  0.089745  79.9
12.468  0.1968  73.6
12.718  0.129557  82.9
12.968  0.0980037  79.4
13.218  0.0721788  81.6
13.468  0.132195  80
13.718  0.0990932  92.9
13.968  0.07827  90.2
14.218  0.0556279  81.4
14.468  0.0530966  85.2
14.718  0.0719927  91.5
14.968  0.0809407  86.2
15.218  0.108445  71.1
15.468  0.0952744  87.6
15.718  0.0988683  82.3
15.968  0.0489582  80.8
16.218  0.0623958  81.7
16.468  0.0450456  76.6
16.718  0.0619194  79.9
16.968  0.0641485  78.5
17.218  0.0525888  76.8
17.468  0.0262238  79.4
17.718  0.0383329  79.2
17.968  0.0761042  77
18.218  0.108577  83.2
18.468  0.114023  81.6
