1.468  0.128943  69.8
2.468  0.112382  76
3.468  0.276241  72.2
4.468  0.472733  58.9
5.468  0.563369  55.3
6.468  0.412677  65
7.468  0.293884  75
8.468  0.193213  72.6
9.468  0.139772  75.1
10.468  0.0657495  83.7
11.468  0.0387772  79.9
12.468  0.0512  73.6
12.718  0.0775846  82.9
12.968  0.0640231  79.4
13.218  0.0926853  81.6
13.468  0.082384  80
13.718  0.042771  92.9
13.968  0.0775158  90.2
14.218  0.101794  81.4
14.468  0.0741917  85.2
14.718  0.0450356  91.5
14.968  0.0454559  86.2
15.218  0.0791885  71.1
15.468  0.0635484  87.6
15.718  0.0507822  82.3
15.968  0.0456391  80.8
16.218  0.0622517  81.7
16.468  0.0607665  76.6
16.718  0.0529434  79.9
16.968  0.0358451  78.5
17.218  0.0308109  76.8
17.468  0.0580889  79.4
17.718  0.0641413  79.2
17.968  0.0546176  77
18.218  0.0561266  83.2
18.468  0.0463124  81.6
