1.468  0.288799  69.8
2.468  0.373667  76
3.468  0.597255  72.2
4.468  0.299635  58.9
5.468  0.500402  55.3
6.468  0.477064  65
7.468  0.402144  75
8.468  0.310482  72.6
9.468  0.292968  75.1
10.468  0.163876  83.7
11.468  0.122103  79.9
12.468  0.205992  73.6
12.718  0.17406  82.9
12.968  0.0985431  79.4
13.218  0.0877105  81.6
13.468  0.0910529  80
13.718  0.100707  92.9
13.968  0.100163  90.2
14.218  0.0860303  81.4
14.468  0.0590873  85.2
14.718  0.0800158  91.5
14.968  0.0799272  86.2
15.218  0.0881717  71.1
15.468  0.0673976  87.6
15.718  0.0815344  82.3
15.968  0.0815954  80.8
16.218  0.114562  81.7
16.468  0.0772046  76.6
16.718  0.0619802  79.9
16.968  0.0806113  78.5
17.218  0.0747356  76.8
17.468  0.0627903  79.4
17.718  0.0793611  79.2
17.968  0.0886154  77
18.218  0.102497  83.2
18.468  0.118082  81.6
