1.468  0.387001  69.8
2.468  0.370102  76
3.468  0.675329  72.2
4.468  0.304778  58.9
5.468  0.566198  55.3
6.468  0.476979  65
7.468  0.441851  75
8.468  0.299969  72.6
9.468  0.284408  75.1
10.468  0.157014  83.7
11.468  0.082697  79.9
12.468  0.190142  73.6
12.718  0.150782  82.9
12.968  0.0822128  79.4
13.218  0.0719874  81.6
13.468  0.116998  80
13.718  0.0695114  92.9
13.968  0.0598494  90.2
14.218  0.076126  81.4
14.468  0.0773086  85.2
14.718  0.040622  91.5
14.968  0.0595262  86.2
15.218  0.113317  71.1
15.468  0.0880773  87.6
15.718  0.0950551  82.3
15.968  0.0702091  80.8
16.218  0.044857  81.7
16.468  0.0723892  76.6
16.718  0.076284  79.9
16.968  0.0665564  78.5
17.218  0.0422619  76.8
17.468  0.0414543  79.4
17.718  0.052615  79.2
17.968  0.0566846  77
18.218  0.071483  83.2
18.468  0.0786729  81.6
