1.468  0.306935  69.8
2.468  0.160648  76
3.468  0.58636  72.2
4.468  0.568851  58.9
5.468  0.877652  55.3
6.468  0.637259  65
7.468  0.554814  75
8.468  0.2634  72.6
9.468  0.370303  75.1
10.468  0.313928  83.7
11.468  0.239454  79.9
12.468  0.266394  73.6
12.718  0.245064  82.9
12.968  0.185239  79.4
13.218  0.200444  81.6
13.468  0.214992  80
13.718  0.203673  92.9
13.968  0.246114  90.2
14.218  0.21461  81.4
14.468  0.199184  85.2
14.718  0.21442  91.5
14.968  0.241949  86.2
15.218  0.274067  71.1
15.468  0.248841  87.6
15.718  0.231234  82.3
15.968  0.235531  80.8
16.218  0.279788  81.7
16.468  0.257562  76.6
16.718  0.230073  79.9
16.968  0.226578  78.5
17.218  0.251126  76.8
17.468  0.269602  79.4
17.718  0.251508  79.2
17.968  0.251318  77
18.218  0.232928  83.2
18.468  0.242187  81.6
