1.468  0.280675  69.8
2.468  0.186572  76
3.468  0.569691  72.2
4.468  0.536476  58.9
5.468  0.850817  55.3
6.468  0.626195  65
7.468  0.543205  75
8.468  0.244874  72.6
9.468  0.359488  75.1
10.468  0.306361  83.7
11.468  0.242146  79.9
12.468  0.25969  73.6
12.718  0.236921  82.9
12.968  0.177745  79.4
13.218  0.19685  81.6
13.468  0.212845  80
13.718  0.201712  92.9
13.968  0.243159  90.2
14.218  0.212944  81.4
14.468  0.192721  85.2
14.718  0.207722  91.5
14.968  0.240083  86.2
15.218  0.271409  71.1
15.468  0.253838  87.6
15.718  0.237091  82.3
15.968  0.233332  80.8
16.218  0.278178  81.7
16.468  0.256203  76.6
16.718  0.220957  79.9
16.968  0.220882  78.5
17.218  0.238503  76.8
17.468  0.244871  79.4
17.718  0.241894  79.2
17.968  0.246186  77
18.218  0.236453  83.2
18.468  0.248542  81.6
