1.468  0.17515  69.8
2.468  0.170698  76
3.468  0.323589  72.2
4.468  0.573558  58.9
5.468  0.531788  55.3
6.468  0.390198  65
7.468  0.305284  75
8.468  0.152738  72.6
9.468  0.165748  75.1
10.468  0.0858823  83.7
11.468  0.0871029  79.9
12.468  0.0639799  73.6
12.718  0.116084  82.9
12.968  0.0982199  79.4
13.218  0.1309  81.6
13.468  0.0843232  80
13.718  0.086277  92.9
13.968  0.117166  90.2
14.218  0.126277  81.4
14.468  0.0912329  85.2
14.718  0.0576255  91.5
14.968  0.0739124  86.2
15.218  0.106361  71.1
15.468  0.0953159  87.6
15.718  0.0693679  82.3
15.968  0.059041  80.8
16.218  0.0725882  81.7
16.468  0.0778595  76.6
16.718  0.0673969  79.9
16.968  0.0533595  78.5
17.218  0.0575635  76.8
17.468  0.0796942  79.4
17.718  0.0955804  79.2
17.968  0.080208  77
18.218  0.0756142  83.2
18.468  0.0630374  81.6
