 0.6 1 2.4   0 0  0 0  0 0    0 0  0 0  0 0    -8.21688e-05 -2.01976e-05  -0.000168738 -2.02376e-05  0.00352064 0.00382141 
 1.6 1 2.4   0 0  0 0  0 0    0 0  0 0  0 0    -1.86011e-19 1.48017e-19  3.90724e-19 -3.10916e-19  0.00204583 -0.00101122 
 2.6 1 2.4   0 0  0 0  0 0    0 0  0 0  0 0    -2.71312e-19 -1.48739e-19  5.17258e-19 2.83571e-19  -0.00273606 0.000204254 
 3.6 1 2.4   0 0  0 0  0 0    0 0  0 0  0 0    1.99952e-05 -2.36674e-06  -0.00051476 0.000908731  0.00526298 -0.0220212 
 4.6 1 2.4   0 0  0 0  0 0    0 0  0 0  0 0    4.37472e-05 -8.9472e-05  -0.000214924 0.00156219  -0.00411975 -0.0203018 
 5.6 1 2.4   0 0  0 0  0 0    0 0  0 0  0 0    0.00030384 0.00042192  -0.000333546 -0.00123717  -0.026708 -0.00712861 
 6.6 1 2.4   0 0  0 0  0 0    0 0  0 0  0 0    0.000430884 -7.11723e-05  -0.00106777 -0.000484609  0.000414499 0.0178275 
 7.6 1 2.4   0 0  0 0  0 0    0 0  0 0  0 0    0.000472052 -0.00120073  0.000329521 0.00123084  -0.0264354 -0.000899479 
 8.6 1 2.4   0 0  0 0  0 0    0 0  0 0  0 0    0.00103489 -0.000725554  -0.000190059 0.00154552  -0.0290128 -0.0292888 
 9.6 1 2.4   0 0  0 0  0 0    0 0  0 0  0 0    -0.000483073 0.000878983  7.37443e-05 0.000191106  -0.00739769 -0.0347564 
 10.6 1 2.4   0 0  0 0  0 0    0 0  0 0  0 0    -9.16178e-05 0.000901821  0.000171063 -0.000320082  -0.0232445 0.0255185 
 11.6 1 2.4   0 0  0 0  0 0    0 0  0 0  0 0    -0.000212612 -0.00136817  0.000223877 -0.000786894  -0.0156287 0.00241681 
 12.6 1 2.4   0 0  0 0  0 0    0 0  0 0  0 0    -0.0043298 -0.00114108  -0.00320414 0.000896189  -0.0309989 -0.0713464 
 13.6 1 2.4   0 0  0 0  0 0    0 0  0 0  0 0    0.00053389 -0.00399696  0.0025193 -0.00540661  -0.0491361 -0.0127334 
 14.6 1 2.4   0 0  0 0  0 0    0 0  0 0  0 0    0.000922683 -0.00140315  0.00333921 -0.00617823  -0.110542 0.0597984 
 15.6 1 2.4   0 0  0 0  0 0    0 0  0 0  0 0    -0.00029317 6.126e-05  -0.00746307 0.000546643  0.100472 0.124586 
 16.6 1 2.4   0 0  0 0  0 0    0 0  0 0  0 0    -6.55036e-05 0.000572006  7.47456e-05 -0.000652711  -0.00843732 0.0127873 
 17.6 1 2.4   0 0  0 0  0 0    0 0  0 0  0 0    0.000275241 0.000541946  0.00166757 0.000147502  -0.0285076 0.0224471 
 18.6 1 2.4   0 0  0 0  0 0    0 0  0 0  0 0    -0.000116989 -0.000134272  -0.0028228 -0.00157334  0.0269013 0.0285882 
 0.6 2 2.4   0 0  0 0  0 0    0 0  0 0  0 0    3.45466e-37 1.24509e-37  6.86733e-37 2.47505e-37  -0.00142237 -0.000498092 
 1.6 2 2.4   0 0  0 0  0 0    0 0  0 0  0 0    -3.69614e-06 -1.3411e-05  -2.76135e-05 -0.000109713  -0.00137477 -0.00210716 
 2.6 2 2.4   0 0  0 0  0 0    0 0  0 0  0 0    -6.17149e-05 -2.56803e-05  -0.000131359 -0.000119979  0.00468952 0.000547087 
 3.6 2 2.4   0 0  0 0  0 0    0 0  0 0  0 0    -3.28084e-05 9.52319e-05  1.84271e-05 0.000286439  0.000114336 0.00129322 
 4.6 2 2.4   0 0  0 0  0 0    0 0  0 0  0 0    8.09836e-05 -0.000200248  -0.00026832 0.000283868  0.0231407 -0.0099964 
 5.6 2 2.4   0 0  0 0  0 0    0 0  0 0  0 0    1.57787e-05 -0.000176897  6.75938e-05 0.00123235  -0.0113771 -0.0210888 
 6.6 2 2.4   0 0  0 0  0 0    0 0  0 0  0 0    -0.000604638 -3.22078e-05  0.00168395 0.000590582  -0.00858392 -0.0269348 
 7.6 2 2.4   0 0  0 0  0 0    0 0  0 0  0 0    0.000607266 0.000559836  -0.00173842 -0.00175864  0.0187216 0.0317167 
 8.6 2 2.4   0 0  0 0  0 0    0 0  0 0  0 0    0.00150475 0.00115581  -0.00118525 0.000194932  -0.00996194 -0.0465916 
 9.6 2 2.4   0 0  0 0  0 0    0 0  0 0  0 0    0.0017338 0.000980234  -0.00126432 -0.000464016  0.0528439 0.0146566 
 10.6 2 2.4   0 0  0 0  0 0    0 0  0 0  0 0    -0.00125776 0.000670706  -0.000322904 -0.000381632  0.0271101 0.0154416 
 11.6 2 2.4   0 0  0 0  0 0    0 0  0 0  0 0    0.00160063 0.00124486  0.000752521 0.000976317  -0.00543006 -0.0327497 
 12.6 2 2.4   0 0  0 0  0 0    0 0  0 0  0 0    -0.00722579 -0.00106396  -0.00615718 -0.000762039  -0.113131 -0.0331043 
 13.6 2 2.4   0 0  0 0  0 0    0 0  0 0  0 0    -0.00507801 -0.00256321  -0.0054186 -0.00123645  -0.00529365 -0.162867 
 14.6 2 2.4   0 0  0 0  0 0    0 0  0 0  0 0    0.000851285 -0.00181699  0.00198066 -0.00339143  0.0837011 -0.13088 
 15.6 2 2.4   0 0  0 0  0 0    0 0  0 0  0 0    -0.000414534 9.3978e-05  -0.00735166 0.00410991  -0.0215007 -0.181627 
 16.6 2 2.4   0 0  0 0  0 0    0 0  0 0  0 0    -0.000473228 -0.00155273  0.00227384 0.00746078  -0.00264967 0.0166067 
 17.6 2 2.4   0 0  0 0  0 0    0 0  0 0  0 0    0.000316712 -0.000600203  0.00252042 0.000591402  -0.00475411 -0.0478596 
 18.6 2 2.4   0 0  0 0  0 0    0 0  0 0  0 0    0.000616693 0.000148765  -0.00225889 0.00327865  0.0301948 0.0164691 
 0.6 3 2.4   0 0  0 0  0 0    0 0  0 0  0 0    1.08012e-36 -1.06955e-36  1.89884e-36 -1.88025e-36  -0.00134208 0.000724901 
 1.6 3 2.4   0 0  0 0  0 0    0 0  0 0  0 0    0.000112364 4.39015e-05  0.000108908 4.39337e-05  0.00123764 -0.000993885 
 2.6 3 2.4   0 0  0 0  0 0    0 0  0 0  0 0    -0.000247536 2.36963e-05  -0.000172232 6.36095e-06  0.00178625 0.0017625 
 3.6 3 2.4   0 0  0 0  0 0    0 0  0 0  0 0    -0.00020767 9.8724e-05  -0.000636306 0.000189426  0.00286717 -0.0103855 
 4.6 3 2.4   0 0  0 0  0 0    0 0  0 0  0 0    -5.0079e-05 -0.00010961  0.000343574 -0.000210686  0.00254065 0.0193038 
 5.6 3 2.4   0 0  0 0  0 0    0 0  0 0  0 0    0.000144537 -1.22916e-05  9.11783e-05 -0.00049482  -0.00933555 0.0117584 
 6.6 3 2.4   0 0  0 0  0 0    0 0  0 0  0 0    -6.61483e-06 0.000133748  -0.000278867 -3.40695e-05  0.00734934 -0.00575602 
 7.6 3 2.4   0 0  0 0  0 0    0 0  0 0  0 0    -0.00087506 0.00115862  0.00192028 -0.00272441  -0.0155803 0.0329612 
 8.6 3 2.4   0 0  0 0  0 0    0 0  0 0  0 0    -0.00272741 -0.000899515  0.00252017 -0.000492703  -0.00808586 0.0498287 
 9.6 3 2.4   0 0  0 0  0 0    0 0  0 0  0 0    0.00183156 0.000564838  -0.00260452 -4.01104e-05  0.0650433 -0.0112246 
 10.6 3 2.4   0 0  0 0  0 0    0 0  0 0  0 0    -0.0027167 -0.000826893  0.00205877 -0.000766471  -0.0687494 0.0276649 
 11.6 3 2.4   0 0  0 0  0 0    0 0  0 0  0 0    0.00262738 -0.000291042  0.0013976 0.000330486  -0.0215626 -0.0125532 
 12.6 3 2.4   0 0  0 0  0 0    0 0  0 0  0 0    -0.00215912 0.00633818  -0.00450055 0.00766898  0.113932 0.0453183 
 13.6 3 2.4   0 0  0 0  0 0    0 0  0 0  0 0    0.00854937 -0.00371805  0.0111887 -0.0016597  -0.0324212 -0.0794067 
 14.6 3 2.4   0 0  0 0  0 0    0 0  0 0  0 0    -0.00145849 0.00290977  -0.00463524 0.00518793  0.0183106 0.118468 
 15.6 3 2.4   0 0  0 0  0 0    0 0  0 0  0 0    0.000729901 0.000154539  0.0148866 0.000166579  -0.0879262 0.112982 
 16.6 3 2.4   0 0  0 0  0 0    0 0  0 0  0 0    0.000185464 0.00262159  -0.000820105 -0.0115924  0.0237231 -0.0149236 
 17.6 3 2.4   0 0  0 0  0 0    0 0  0 0  0 0    0.00081431 -0.000318919  -0.00100924 -0.00481739  0.0556386 -0.00111443 
 18.6 3 2.4   0 0  0 0  0 0    0 0  0 0  0 0    -0.000649414 -0.000206376  -0.00740666 0.00996606  0.0282334 -0.0536762 
 0.6 4 2.4   0 0  0 0  0 0    0 0  0 0  0 0    -0.000170763 -0.000296775  1.5943e-05 2.85423e-05  0.00410801 0.00403519 
 1.6 4 2.4   0 0  0 0  0 0    0 0  0 0  0 0    -0.000366438 -0.000288947  6.75138e-05 3.63926e-06  -0.00685533 0.00373266 
 2.6 4 2.4   0 0  0 0  0 0    0 0  0 0  0 0    -0.00017931 0.000248012  6.76099e-06 -2.36413e-05  0.00770279 -0.00393523 
 3.6 4 2.4   0 0  0 0  0 0    0 0  0 0  0 0    0.000264543 -0.000114431  -5.23201e-05 0.000318628  -0.0183543 -0.0215887 
 4.6 4 2.4   0 0  0 0  0 0    0 0  0 0  0 0    4.55883e-05 0.000385208  -0.000268419 -0.000620008  0.0140027 0.0134885 
 5.6 4 2.4   0 0  0 0  0 0    0 0  0 0  0 0    0.000892053 0.000417323  -0.000550746 -0.000299055  -0.0147483 0.00714781 
 6.6 4 2.4   0 0  0 0  0 0    0 0  0 0  0 0    -0.000643997 0.000349471  0.00059872 -0.000226331  0.0272515 0.0050826 
 7.6 4 2.4   0 0  0 0  0 0    0 0  0 0  0 0    -0.00029659 -0.000695501  -0.00153733 -0.000390967  -0.00282583 0.0132098 
 8.6 4 2.4   0 0  0 0  0 0    0 0  0 0  0 0    0.00127369 -0.00140804  0.000744313 -0.000823499  -0.0543168 0.0539299 
 9.6 4 2.4   0 0  0 0  0 0    0 0  0 0  0 0    -0.00230693 -0.00372906  -0.00220302 -0.00360195  0.0582825 0.130754 
 10.6 4 2.4   0 0  0 0  0 0    0 0  0 0  0 0    -0.00549781 0.00250566  -0.00603812 0.00286107  0.206685 0.00831095 
 11.6 4 2.4   0 0  0 0  0 0    0 0  0 0  0 0    -0.000951612 -0.00311305  -0.00173503 -0.00443274  -0.135758 -0.0732066 
 12.6 4 2.4   0 0  0 0  0 0    0 0  0 0  0 0    -0.00733076 -0.00720863  -0.00931365 -0.00893943  0.00892653 -0.117375 
 13.6 4 2.4   0 0  0 0  0 0    0 0  0 0  0 0    -0.0180434 0.00102525  -0.0345388 0.00183464  0.235135 0.219916 
 14.6 4 2.4   0 0  0 0  0 0    0 0  0 0  0 0    0.00455901 -0.00218925  0.0208765 -0.00729363  -0.0411359 0.290851 
 15.6 4 2.4   0 0  0 0  0 0    0 0  0 0  0 0    0.000872453 -0.000442043  0.0208045 -0.0139865  -0.016612 -0.124279 
 16.6 4 2.4   0 0  0 0  0 0    0 0  0 0  0 0    -9.34063e-17 -2.34317e-17  3.9837e-19 -1.35541e-17  0.00615014 -0.0501509 
 17.6 4 2.4   0 0  0 0  0 0    0 0  0 0  0 0    -0.00153476 -0.00190401  0.0125029 0.00453818  -0.032394 -0.0632155 
 18.6 4 2.4   0 0  0 0  0 0    0 0  0 0  0 0    0.00368695 -0.00289813  -0.0160636 0.00232176  0.0158121 -0.112068 
 0.6 5 2.4   0 0  0 0  0 0    0 0  0 0  0 0    3.36399e-36 -1.14803e-38  1.10841e-35 -3.78265e-38  0.00348762 -0.00054489 
 1.6 5 2.4   0 0  0 0  0 0    0 0  0 0  0 0    -4.43919e-19 3.68129e-19  -1.24231e-19 -7.87741e-20  -0.00545141 0.00366609 
 2.6 5 2.4   0 0  0 0  0 0    0 0  0 0  0 0    3.68452e-36 6.77216e-36  1.613e-35 2.05389e-35  -0.00337294 -0.0039309 
 3.6 5 2.4   0 0  0 0  0 0    0 0  0 0  0 0    0.000580098 0.000391416  -0.000196787 -0.000115337  0.00561667 0.0141426 
 4.6 5 2.4   0 0  0 0  0 0    0 0  0 0  0 0    -0.000338377 4.80852e-05  0.000118556 -9.26828e-06  0.00596811 -0.0057729 
 5.6 5 2.4   0 0  0 0  0 0    0 0  0 0  0 0    0.000155466 4.45597e-05  0.000293641 -4.47203e-05  -0.0258089 -0.0135276 
 6.6 5 2.4   0 0  0 0  0 0    0 0  0 0  0 0    7.87384e-05 0.000473279  -0.000593586 2.28848e-05  -0.0286724 -0.0171841 
 7.6 5 2.4   0 0  0 0  0 0    0 0  0 0  0 0    -0.000204655 -0.000305167  -7.24292e-05 0.00080537  -0.0027354 0.0723903 
 8.6 5 2.4   0 0  0 0  0 0    0 0  0 0  0 0    0.00190749 0.0022322  0.000706944 0.000820817  0.029032 -0.0166694 
 9.6 5 2.4   0 0  0 0  0 0    0 0  0 0  0 0    0.00064111 -4.72349e-06  0.000333741 -2.60175e-06  -4.57652e-05 -0.0149311 
 10.6 5 2.4   0 0  0 0  0 0    0 0  0 0  0 0    0.00216355 -0.00354716  0.00123316 -0.0020117  0.0199002 -0.000291073 
 11.6 5 2.4   0 0  0 0  0 0    0 0  0 0  0 0    0.00124184 0.00398276  0.00181293 0.00432428  0.0783592 0.0566345 
 12.6 5 2.4   0 0  0 0  0 0    0 0  0 0  0 0    0.00677227 0.0029307  0.00959767 0.00291318  0.192945 -0.24256 
 13.6 5 2.4   0 0  0 0  0 0    0 0  0 0  0 0    -0.0232842 0.0094388  -0.0329326 0.0129205  0.11827 0.276822 
 14.6 5 2.4   0 0  0 0  0 0    0 0  0 0  0 0    0.00518856 -0.00112361  0.0196436 0.00129974  -0.174862 0.163997 
 15.6 5 2.4   0 0  0 0  0 0    0 0  0 0  0 0    0.00174028 -0.00170547  0.0350802 -0.0258592  -0.455976 0.150654 
 16.6 5 2.4   0 0  0 0  0 0    0 0  0 0  0 0    -3.73889e-17 -1.01476e-16  1.6937e-18 -2.5847e-17  -0.0741231 -0.0147016 
 17.6 5 2.4   0 0  0 0  0 0    0 0  0 0  0 0    -0.0011405 0.00471216  0.0189128 -0.00755348  0.0251495 0.153036 
 18.6 5 2.4   0 0  0 0  0 0    0 0  0 0  0 0    0.00187218 0.00267585  -0.0106923 0.00219672  -0.123041 0.116897 
 0.6 6 2.4   0 0  0 0  0 0    0 0  0 0  0 0    0.000153956 -1.2318e-06  -1.27461e-05 2.77448e-06  0.0148037 -0.00311021 
 1.6 6 2.4   0 0  0 0  0 0    0 0  0 0  0 0    5.22792e-05 0.000288524  5.08176e-06 -1.39687e-05  -0.0121642 -0.00866289 
 2.6 6 2.4   0 0  0 0  0 0    0 0  0 0  0 0    -0.000225024 -0.000201203  1.89796e-05 4.05656e-06  0.00046264 0.0134792 
 3.6 6 2.4   0 0  0 0  0 0    0 0  0 0  0 0    0.000232696 0.000197099  5.17978e-05 -0.000138479  -0.0111219 0.0357922 
 4.6 6 2.4   0 0  0 0  0 0    0 0  0 0  0 0    -0.00137071 0.000282899  0.000115572 -6.94876e-05  0.00914908 -0.00862526 
 5.6 6 2.4   0 0  0 0  0 0    0 0  0 0  0 0    0.000654593 0.000722854  0.000296057 1.65432e-06  0.0168309 -0.0330419 
 6.6 6 2.4   0 0  0 0  0 0    0 0  0 0  0 0    0.000334282 -0.00152649  0.000320443 -0.000279961  0.0364058 0.0794759 
 7.6 6 2.4   0 0  0 0  0 0    0 0  0 0  0 0    0.00057874 0.00145974  -0.000676486 0.000597091  -0.0262856 -0.0442675 
 8.6 6 2.4   0 0  0 0  0 0    0 0  0 0  0 0    0.00204303 -0.00154921  0.000210484 -0.0001874  0.0810176 0.149098 
 9.6 6 2.4   0 0  0 0  0 0    0 0  0 0  0 0    -0.00317856 0.00916294  -0.000384138 0.00120421  -0.0362033 -0.19869 
 10.6 6 2.4   0 0  0 0  0 0    0 0  0 0  0 0    -0.010553 0.00277003  -0.0015848 0.000324127  -0.027983 0.060403 
 11.6 6 2.4   0 0  0 0  0 0    0 0  0 0  0 0    0.020632 0.000461943  0.00371779 0.000247906  0.0116421 -0.230744 
 12.6 6 2.4   0 0  0 0  0 0    0 0  0 0  0 0    -0.000830928 -0.0368658  -0.000297829 -0.0132138  -0.0665127 -0.14566 
 13.6 6 2.4   0 0  0 0  0 0    0 0  0 0  0 0    0.0427861 -0.0164002  0.0222955 -0.00854601  0.0298647 -0.285768 
 14.6 6 2.4   0 0  0 0  0 0    0 0  0 0  0 0    0.0350023 0.0287843  0.0333944 0.0274621  -0.27238 -0.226799 
 15.6 6 2.4   0 0  0 0  0 0    0 0  0 0  0 0    0.0113959 0.00341765  0.0642932 0.0192817  0.416229 -0.0468569 
 16.6 6 2.4   0 0  0 0  0 0    0 0  0 0  0 0    8.74974e-34 -6.8566e-34  1.15234e-33 -2.17777e-34  -0.231543 0.282618 
 17.6 6 2.4   0 0  0 0  0 0    0 0  0 0  0 0    -0.0325214 0.0135417  0.0286241 -0.00302381  -0.362448 -0.0118538 
 18.6 6 2.4   0 0  0 0  0 0    0 0  0 0  0 0    -0.0079943 -0.0225606  -0.000155715 0.0156953  -0.226692 -0.0976882 
 0.6 7 2.4   0 0  0 0  0 0    0 0  0 0  0 0    -1.38082e-05 0.000148248  -8.75559e-08 -1.70785e-06  -0.00361419 0.00912188 
 1.6 7 2.4   0 0  0 0  0 0    0 0  0 0  0 0    -0.000299656 -3.19035e-05  1.57696e-06 1.10078e-06  0.0125961 0.000121587 
 2.6 7 2.4   0 0  0 0  0 0    0 0  0 0  0 0    0.000265628 -0.000112699  -1.44716e-06 2.14321e-06  -0.00748147 -0.00904453 
 3.6 7 2.4   0 0  0 0  0 0    0 0  0 0  0 0    -0.000376956 0.000169461  1.19521e-05 1.51431e-05  -0.00591147 -0.0691879 
 4.6 7 2.4   0 0  0 0  0 0    0 0  0 0  0 0    0.000761872 -0.00110597  -1.52413e-06 1.84997e-05  -0.0527269 0.0553521 
 5.6 7 2.4   0 0  0 0  0 0    0 0  0 0  0 0    -0.000985339 -0.000332454  -2.948e-05 2.39481e-05  0.0246848 0.0021424 
 6.6 7 2.4   0 0  0 0  0 0    0 0  0 0  0 0    2.0809e-05 0.00178073  -2.22197e-05 5.47377e-05  0.0475133 -0.0543834 
 7.6 7 2.4   0 0  0 0  0 0    0 0  0 0  0 0    -0.000768365 -0.00259143  6.69147e-05 -0.000117381  0.152438 0.112617 
 8.6 7 2.4   0 0  0 0  0 0    0 0  0 0  0 0    -0.00392434 0.00268679  -5.59734e-05 4.1876e-05  -0.027188 -0.17951 
 9.6 7 2.4   0 0  0 0  0 0    0 0  0 0  0 0    0.00987429 -0.00704544  0.000166879 -0.000120608  -0.069718 -0.0665726 
 10.6 7 2.4   0 0  0 0  0 0    0 0  0 0  0 0    0.00706287 -0.00125075  0.000122602 -2.58117e-05  0.180867 0.131722 
 11.6 7 2.4   0 0  0 0  0 0    0 0  0 0  0 0    -0.00978532 -0.00633845  -0.000208085 -0.000117371  0.0286917 -0.314805 
 12.6 7 2.4   0 0  0 0  0 0    0 0  0 0  0 0    -0.0415949 0.00303604  -0.00192474 0.000140488  -0.163923 0.213631 
 13.6 7 2.4   0 0  0 0  0 0    0 0  0 0  0 0    0.000324127 -0.055363  2.18051e-05 -0.00372445  0.190259 0.0936303 
 14.6 7 2.4   0 0  0 0  0 0    0 0  0 0  0 0    0.0661474 -0.0118488  0.00814738 -0.00145942  0.0603442 -0.198418 
 15.6 7 2.4   0 0  0 0  0 0    0 0  0 0  0 0    0.0546672 -0.0241435  0.0398173 -0.0175851  -0.415388 0.0613621 
 16.6 7 2.4   0 0  0 0  0 0    0 0  0 0  0 0    1.50897e-16 -9.64875e-17  6.3251e-17 -4.04443e-17  -0.587816 0.316387 
 17.6 7 2.4   0 0  0 0  0 0    0 0  0 0  0 0    -0.0435598 0.0211193  0.00367715 -0.00373821  0.0530619 -0.431725 
 18.6 7 2.4   0 0  0 0  0 0    0 0  0 0  0 0    -0.0144036 -0.0107795  0.0019467 0.000898941  0.20423 0.260192 
 0.6 8 2.4   0 0  0 0  0 0    0 0  0 0  0 0    0.00011016 0.000104032  8.16173e-06 5.32527e-06  0.00677731 0.013542 
 1.6 8 2.4   0 0  0 0  0 0    0 0  0 0  0 0    -0.000184123 0.000233041  -1.02299e-05 4.14323e-06  0.00379416 -0.0145596 
 2.6 8 2.4   0 0  0 0  0 0    0 0  0 0  0 0    2.28917e-05 -0.000295043  -6.58257e-06 -1.3038e-05  -0.0104336 0.00275445 
 3.6 8 2.4   0 0  0 0  0 0    0 0  0 0  0 0    -1.48457e-05 0.000353685  -0.000106942 2.68684e-05  -0.05564 -0.0505706 
 4.6 8 2.4   0 0  0 0  0 0    0 0  0 0  0 0    -0.000874968 -0.00106082  -9.21938e-05 -4.56464e-05  0.0136546 0.0863271 
 5.6 8 2.4   0 0  0 0  0 0    0 0  0 0  0 0    -0.000454382 0.000899222  -9.40875e-05 -0.000197986  0.075473 -0.0479777 
 6.6 8 2.4   0 0  0 0  0 0    0 0  0 0  0 0    0.00166158 -3.3172e-05  -0.000286524 -0.000157235  -0.096707 0.0227748 
 7.6 8 2.4   0 0  0 0  0 0    0 0  0 0  0 0    -0.00186498 0.000909158  0.000608208 0.000375682  0.0942926 -0.223795 
 8.6 8 2.4   0 0  0 0  0 0    0 0  0 0  0 0    0.002547 0.00247051  -0.000224145 -0.000193293  -0.185725 0.114785 
 9.6 8 2.4   0 0  0 0  0 0    0 0  0 0  0 0    -0.00981976 -0.00499579  0.000961598 0.0004701  0.187169 -0.0144904 
 10.6 8 2.4   0 0  0 0  0 0    0 0  0 0  0 0    -0.00142476 -0.00796485  9.43115e-05 0.000842468  -0.14236 -0.0296845 
 11.6 8 2.4   0 0  0 0  0 0    0 0  0 0  0 0    -0.00638835 0.0130389  0.000949155 -0.00158794  0.0431758 0.151119 
 12.6 8 2.4   0 0  0 0  0 0    0 0  0 0  0 0    0.0336652 0.0196286  -0.00895099 -0.0052189  -0.00296628 -0.0604216 
 13.6 8 2.4   0 0  0 0  0 0    0 0  0 0  0 0    -0.0181953 0.0463341  0.00703331 -0.0179102  -0.344225 0.1769 
 14.6 8 2.4   0 0  0 0  0 0    0 0  0 0  0 0    -0.0529599 -0.00037899  0.037481 0.00026822  -0.317239 -0.127987 
 15.6 8 2.4   0 0  0 0  0 0    0 0  0 0  0 0    -0.0156066 0.00515276  0.0653146 -0.0215647  -0.104395 0.575803 
 16.6 8 2.4   0 0  0 0  0 0    0 0  0 0  0 0    -1.18197e-16 6.69504e-18  2.26381e-17 -1.31908e-18  0.443438 -0.0988842 
 17.6 8 2.4   0 0  0 0  0 0    0 0  0 0  0 0    0.0113325 0.00139315  0.0150985 -0.0100945  -0.203697 -0.0291416 
 18.6 8 2.4   0 0  0 0  0 0    0 0  0 0  0 0    0.02365 0.0314695  0.00979453 0.0119008  -0.143928 0.331868 
