3.48824
 7.37444e-17 2.00459e-16  0 0  -1.20434 -3.27375 
3.48824
(  2 10.5 1.5 )  34  -1  -1   TRANSMITTER 

(  29 10.5 1.5 )  34  0  -1   RECEIVER 

3.45619
 0.13907 -0.300683  0 0  -1.44418 3.12248 
2.67344
(  2 10.5 1.5 )  34  -1  -1   TRANSMITTER 

(  15.5 10.5 0.2 )  0  5  -1   REFLECTION 

(  29 10.5 1.5 )  34  -1  -1   RECEIVER 

3.48824
 7.37444e-17 2.00459e-16  0 0  -1.20434 -3.27375 
5.16575
(  2 10.5 1.5 )  34  -1  -1   TRANSMITTER 

(  3.485 9.4 1.5 )  27  1  -1   TRANSMISSION 

(  11.6 3.38889 1.5 )  19  2  -1   TRANSMISSION 

(  15.5 0.5 1.5 )  7  4  -1   REFLECTION 

(  21.6 5.01852 1.5 )  21  2  -1   TRANSMISSION 

(  27.785 9.6 1.5 )  33  4  -1   TRANSMISSION 

(  29 10.5 1.5 )  34  -1  -1   RECEIVER 

3.48824
 7.37444e-17 2.00459e-16  0 0  -1.20434 -3.27375 
8.3999
(  2 10.5 1.5 )  34  -1  -1   TRANSMITTER 

(  0.5 10.5 1.5 )  17  2  -1   REFLECTION 

(  29 10.5 1.5 )  34  -1  -1   RECEIVER 

3.48824
 7.37444e-17 2.00459e-16  0 0  -1.20434 -3.27375 
11.78
(  2 10.5 1.5 )  34  -1  -1   TRANSMITTER 

(  30.5 10.5 1.5 )  23  3  -1   REFLECTION 

(  29 10.5 1.5 )  34  -1  -1   RECEIVER 

3.48824
 7.37444e-17 2.00459e-16  0 0  -1.20434 -3.27375 
15.2089
(  2 10.5 1.5 )  34  -1  -1   TRANSMITTER 

(  15.5 9.6 1.5 )  27  4  -1   REFLECTION 

(  29 10.5 1.5 )  34  -1  -1   RECEIVER 

3.48824
 7.37444e-17 2.00459e-16  0 0  -1.20434 -3.27375 
18.6599
(  2 10.5 1.5 )  34  -1  -1   TRANSMITTER 

(  15.5 11.4 1.5 )  38  1  -1   REFLECTION 

(  29 10.5 1.5 )  34  -1  -1   RECEIVER 

3.48824
 7.37444e-17 2.00459e-16  0 0  -1.20434 -3.27375 
22.1226
(  2 10.5 1.5 )  34  -1  -1   TRANSMITTER 

(  3.485 11.6 1.5 )  38  4  -1   TRANSMISSION 

(  11.6 17.6111 1.5 )  50  2  -1   TRANSMISSION 

(  15.5 20.5 1.5 )  62  1  -1   REFLECTION 

(  27.785 11.4 1.5 )  44  1  -1   TRANSMISSION 

(  29 10.5 1.5 )  34  -1  -1   RECEIVER 

3.43379
 0.404775 0.142166  0 0  3.21439 1.12897 
19.8255
(  2 10.5 1.5 )  34  -1  -1   TRANSMITTER 

(  15.5 10.5 3.2 )  69  0  -1   REFLECTION 

(  29 10.5 1.5 )  34  -1  -1   RECEIVER 

3.08219
 -1.04348 -0.130397  0 0  -2.87489 -0.359258 
21.2876
(  2 10.5 1.5 )  34  -1  -1   TRANSMITTER 

(  7.23469 10.5 3.4 )  69  5  -1   TRANSMISSION 

(  15.5 10.5 6.4 )  150  0  -1   REFLECTION 

(  24.3163 10.5 3.2 )  69  0  -1   TRANSMISSION 

(  29 10.5 1.5 )  34  -1  -1   RECEIVER 

2.56488
 0.221559 1.30089  0 0  0.369265 2.16815 
19.2155
(  2 10.5 1.5 )  34  -1  -1   TRANSMITTER 

(  5.16667 10.5 3.4 )  69  5  -1   TRANSMISSION 

(  10.5 10.5 6.6 )  150  5  -1   TRANSMISSION 

(  15.5 10.5 9.6 )  229  0  -1   REFLECTION 

(  20.8333 10.5 6.4 )  150  0  -1   TRANSMISSION 

(  26.1667 10.5 3.2 )  69  0  -1   TRANSMISSION 

(  29 10.5 1.5 )  34  -1  -1   RECEIVER 

3.28001
 -0.193943 0.206378  0 0  2.2378 -2.38128 
20.4884
(  2 10.5 1.5 )  34  -1  -1   TRANSMITTER 

(  17 10.5 0.2 )  0  5  -1   REFLECTION 

(  30.5 10.5 1.37 )  23  3  -1   REFLECTION 

(  29 10.5 1.5 )  34  -1  -1   RECEIVER 

4.63826
 -0.0458214 -1.00514  0 0  0.206196 4.52312 
16.1864
(  2 10.5 1.5 )  34  -1  -1   TRANSMITTER 

(  7.85 10.5 0.2 )  0  5  -1   REFLECTION 

(  21.35 10.5 3.2 )  69  0  -1   REFLECTION 

(  29 10.5 1.5 )  34  -1  -1   RECEIVER 

4.76269
 -0.626891 1.88626  0 0  1.365 -4.10718 
19.7143
(  2 10.5 1.5 )  34  -1  -1   TRANSMITTER 

(  4.83065 10.5 0.2 )  0  5  -1   REFLECTION 

(  11.7984 10.5 3.4 )  69  5  -1   TRANSMISSION 

(  18.3306 10.5 6.4 )  150  0  -1   REFLECTION 

(  25.2984 10.5 3.2 )  69  0  -1   TRANSMISSION 

(  29 10.5 1.5 )  34  -1  -1   RECEIVER 

3.63626
 -2.22324e-16 9.37484e-18  -7.72994e-18 3.25951e-19  3.63303 -0.153195 
19.202
(  2 10.5 1.5 )  34  -1  -1   TRANSMITTER 

(  3.36239 9.4 1.5 )  27  1  -1   TRANSMISSION 

(  11.6 2.74889 1.5 )  19  2  -1   TRANSMISSION 

(  14.3853 0.5 1.5 )  7  4  -1   REFLECTION 

(  21.6 6.32519 1.5 )  21  2  -1   TRANSMISSION 

(  25.656 9.6 1.5 )  33  4  -1   TRANSMISSION 

(  27.8853 11.4 1.5 )  44  1  -1   REFLECTION 

(  29 10.5 1.5 )  34  -1  -1   RECEIVER 

7.79003
 -0.567852 -0.360492  0 0  -6.55214 -4.15952 
24.6906
(  2 10.5 1.5 )  34  -1  -1   TRANSMITTER 

(  0.5 10.5 1.37 )  17  2  -1   REFLECTION 

(  14 10.5 0.2 )  0  5  -1   REFLECTION 

(  29 10.5 1.5 )  34  -1  -1   RECEIVER 

3.30465
 -7.35686e-17 -1.88504e-16  0 0  1.20147 3.07851 
21.4062
(  2 10.5 1.5 )  34  -1  -1   TRANSMITTER 

(  0.5 10.5 1.5 )  17  2  -1   REFLECTION 

(  30.5 10.5 1.5 )  23  3  -1   REFLECTION 

(  29 10.5 1.5 )  34  -1  -1   RECEIVER 

7.82656
 3.40279e-16 3.35552e-16  -2.55209e-17 -2.51664e-17  -5.57279 -5.49537 
28.6139
(  2 10.5 1.5 )  34  -1  -1   TRANSMITTER 

(  0.5 10.41 1.5 )  17  2  -1   REFLECTION 

(  14 9.6 1.5 )  27  4  -1   REFLECTION 

(  29 10.5 1.5 )  34  -1  -1   RECEIVER 

7.82656
 3.40279e-16 3.35552e-16  2.55209e-17 2.51664e-17  -5.57279 -5.49537 
36.0803
(  2 10.5 1.5 )  34  -1  -1   TRANSMITTER 

(  0.5 10.59 1.5 )  17  2  -1   REFLECTION 

(  14 11.4 1.5 )  38  1  -1   REFLECTION 

(  29 10.5 1.5 )  34  -1  -1   RECEIVER 

7.74901
 0.872103 -0.0304627  0 0  -7.69503 0.268788 
40.2798
(  2 10.5 1.5 )  34  -1  -1   TRANSMITTER 

(  0.5 10.5 1.67 )  17  2  -1   REFLECTION 

(  14 10.5 3.2 )  69  0  -1   REFLECTION 

(  29 10.5 1.5 )  34  -1  -1   RECEIVER 

7.09177
 -1.31274 1.76807  0 0  4.01859 -5.41247 
42.4957
(  2 10.5 1.5 )  34  -1  -1   TRANSMITTER 

(  0.5 10.5 1.99 )  17  2  -1   REFLECTION 

(  4.81633 10.5 3.4 )  69  5  -1   TRANSMISSION 

(  14 10.5 6.4 )  150  0  -1   REFLECTION 

(  23.7959 10.5 3.2 )  69  0  -1   TRANSMISSION 

(  29 10.5 1.5 )  34  -1  -1   RECEIVER 

62.7884
 7.52893e-17 3.84394e-15  -9.22028e-33 -4.70747e-31  1.22957 62.7763 
33.9217
(  2 10.5 1.5 )  34  -1  -1   TRANSMITTER 

(  30.5 10.5 1.5 )  23  3  -1   REFLECTION 

(  0.5 10.5 1.5 )  17  2  -1   REFLECTION 

(  29 10.5 1.5 )  34  -1  -1   RECEIVER 

3.30463
 -7.40729e-17 -1.88304e-16  2.33914e-19 5.94645e-19  1.20971 3.07526 
35.7088
(  2 10.5 1.5 )  34  -1  -1   TRANSMITTER 

(  17 9.6 1.5 )  27  4  -1   REFLECTION 

(  30.5 10.41 1.5 )  23  3  -1   REFLECTION 

(  29 10.5 1.5 )  34  -1  -1   RECEIVER 

4.6464
 -2.27733e-16 1.70071e-16  -1.01215e-17 7.55871e-18  3.72283 -2.78021 
31.4151
(  2 10.5 1.5 )  34  -1  -1   TRANSMITTER 

(  8.75 9.6 1.5 )  27  4  -1   REFLECTION 

(  22.25 11.4 1.5 )  41  1  -1   REFLECTION 

(  29 10.5 1.5 )  34  -1  -1   RECEIVER 

5.31851
 2.28824e-16 1.40984e-16  1.56572e-16 9.64674e-17  -4.52806 -2.78984 
31.7442
(  2 10.5 1.5 )  34  -1  -1   TRANSMITTER 

(  3.11468 9.6 1.5 )  27  4  -1   REFLECTION 

(  5.59174 11.6 1.5 )  38  4  -1   TRANSMISSION 

(  11.6 16.4511 1.5 )  50  2  -1   TRANSMISSION 

(  16.6147 20.5 1.5 )  62  1  -1   REFLECTION 

(  27.8853 11.4 1.5 )  44  1  -1   TRANSMISSION 

(  29 10.5 1.5 )  34  -1  -1   RECEIVER 

5.31851
 2.28824e-16 1.40984e-16  -1.56572e-16 -9.64674e-17  -4.52806 -2.78984 
32.9402
(  2 10.5 1.5 )  34  -1  -1   TRANSMITTER 

(  3.11468 11.4 1.5 )  38  1  -1   REFLECTION 

(  5.59174 9.4 1.5 )  27  1  -1   TRANSMISSION 

(  11.6 4.54889 1.5 )  19  2  -1   TRANSMISSION 

(  16.6147 0.5 1.5 )  7  4  -1   REFLECTION 

(  21.6 4.52519 1.5 )  21  2  -1   TRANSMISSION 

(  27.8853 9.6 1.5 )  33  4  -1   TRANSMISSION 

(  29 10.5 1.5 )  34  -1  -1   RECEIVER 

3.30463
 -7.40729e-17 -1.88304e-16  -2.33914e-19 -5.94645e-19  1.20971 3.07526 
34.1616
(  2 10.5 1.5 )  34  -1  -1   TRANSMITTER 

(  17 11.4 1.5 )  38  1  -1   REFLECTION 

(  30.5 10.59 1.5 )  23  3  -1   REFLECTION 

(  29 10.5 1.5 )  34  -1  -1   RECEIVER 

4.6464
 -2.27733e-16 1.70071e-16  1.01215e-17 -7.55871e-18  3.72283 -2.78021 
29.6223
(  2 10.5 1.5 )  34  -1  -1   TRANSMITTER 

(  8.75 11.4 1.5 )  38  1  -1   REFLECTION 

(  22.25 9.6 1.5 )  30  4  -1   REFLECTION 

(  29 10.5 1.5 )  34  -1  -1   RECEIVER 

3.63626
 -2.22324e-16 9.37484e-18  7.72994e-18 -3.25951e-19  3.63303 -0.153195 
27.1993
(  2 10.5 1.5 )  34  -1  -1   TRANSMITTER 

(  3.36239 11.6 1.5 )  38  4  -1   TRANSMISSION 

(  11.6 18.2511 1.5 )  50  2  -1   TRANSMISSION 

(  14.3853 20.5 1.5 )  62  1  -1   REFLECTION 

(  25.656 11.4 1.5 )  44  1  -1   TRANSMISSION 

(  27.8853 9.6 1.5 )  33  4  -1   REFLECTION 

(  29 10.5 1.5 )  34  -1  -1   RECEIVER 

4.24352
 -0.244629 -0.887449  0 0  -1.10083 -3.99352 
24.8423
(  2 10.5 1.5 )  34  -1  -1   TRANSMITTER 

(  9.65 10.5 3.2 )  69  0  -1   REFLECTION 

(  23.15 10.5 0.2 )  0  5  -1   REFLECTION 

(  29 10.5 1.5 )  34  -1  -1   RECEIVER 

3.26274
 -0.228734 -0.287545  0 0  -2.01824 -2.53716 
24.6735
(  2 10.5 1.5 )  34  -1  -1   TRANSMITTER 

(  17 10.5 3.2 )  69  0  -1   REFLECTION 

(  30.5 10.5 1.67 )  23  3  -1   REFLECTION 

(  29 10.5 1.5 )  34  -1  -1   RECEIVER 

3.21803
 1.11354 -0.750859  0 0  2.42465 -1.63494 
21.6163
(  2 10.5 1.5 )  34  -1  -1   TRANSMITTER 

(  6.1371 10.5 3.4 )  69  5  -1   TRANSMISSION 

(  12.6694 10.5 6.4 )  150  0  -1   REFLECTION 

(  19.6371 10.5 3.2 )  69  0  -1   TRANSMISSION 

(  26.1694 10.5 0.2 )  0  5  -1   REFLECTION 

(  29 10.5 1.5 )  34  -1  -1   RECEIVER 

2.98601
 -0.0500169 -0.925862  0 0  -0.153113 -2.83427 
20.0841
(  2 10.5 1.5 )  34  -1  -1   TRANSMITTER 

(  7.81633 10.5 3.4 )  69  5  -1   TRANSMISSION 

(  17 10.5 6.4 )  150  0  -1   REFLECTION 

(  26.5 10.5 3.29667 )  69  2  -1   TRANSMISSION 

(  26.7959 10.5 3.2 )  73  0  -1   TRANSMISSION 

(  30.5 10.5 1.99 )  23  3  -1   REFLECTION 

(  29 10.5 1.5 )  34  -1  -1   RECEIVER 

2.55857
 -1.21155 -0.100404  0 0  -2.24361 -0.185933 
22.0523
(  2 10.5 1.5 )  34  -1  -1   TRANSMITTER 

(  5.51852 10.5 3.4 )  69  5  -1   TRANSMISSION 

(  11.4444 10.5 6.6 )  150  5  -1   TRANSMISSION 

(  17 10.5 9.6 )  229  0  -1   REFLECTION 

(  22.9259 10.5 6.4 )  150  0  -1   TRANSMISSION 

(  28.8519 10.5 3.2 )  73  0  -1   TRANSMISSION 

(  30.5 10.5 2.31 )  23  3  -1   REFLECTION 

(  29 10.5 1.5 )  34  -1  -1   RECEIVER 

5.43277
 0.763341 0.0789062  -0.565438 -0.058449  -5.31983 -0.549908 
26.5688
(  2 10.5 1.5 )  34  -1  -1   TRANSMITTER 

(  3.485 9.4 1.17 )  27  1  -1   TRANSMISSION 

(  7.85 6.16667 0.2 )  0  5  -1   REFLECTION 

(  11.6 3.38889 1.03333 )  19  2  -1   TRANSMISSION 

(  15.5 0.5 1.9 )  7  4  -1   REFLECTION 

(  21.35 4.83333 3.2 )  69  0  -1   REFLECTION 

(  21.6 5.01852 3.14444 )  21  2  -1   TRANSMISSION 

(  27.785 9.6 1.77 )  33  4  -1   TRANSMISSION 

(  29 10.5 1.5 )  34  -1  -1   RECEIVER 

6.63484
 -0.874862 -1.13505  0.0583241 0.0756698  3.95438 5.13041 
25.6275
(  2 10.5 1.5 )  34  -1  -1   TRANSMITTER 

(  7.85 10.11 0.2 )  0  5  -1   REFLECTION 

(  15.5 9.6 1.9 )  27  4  -1   REFLECTION 

(  21.35 9.99 3.2 )  69  0  -1   REFLECTION 

(  29 10.5 1.5 )  34  -1  -1   RECEIVER 

5.75299
 -2.16086 -1.02423  0.144057 0.0682822  4.726 2.2401 
23.9642
(  2 10.5 1.5 )  34  -1  -1   TRANSMITTER 

(  4.83065 10.3113 0.2 )  0  5  -1   REFLECTION 

(  11.7984 9.84677 3.4 )  69  5  -1   TRANSMISSION 

(  15.5 9.6 5.1 )  101  4  -1   REFLECTION 

(  18.3306 9.78871 6.4 )  150  0  -1   REFLECTION 

(  25.2984 10.2532 3.2 )  69  0  -1   TRANSMISSION 

(  29 10.5 1.5 )  34  -1  -1   RECEIVER 

6.63484
 -0.874862 -1.13505  -0.0583241 -0.0756698  3.95438 5.13041 
26.0719
(  2 10.5 1.5 )  34  -1  -1   TRANSMITTER 

(  7.85 10.89 0.2 )  0  5  -1   REFLECTION 

(  15.5 11.4 1.9 )  38  1  -1   REFLECTION 

(  21.35 11.01 3.2 )  69  0  -1   REFLECTION 

(  29 10.5 1.5 )  34  -1  -1   RECEIVER 

5.75299
 -2.16086 -1.02423  -0.144057 -0.0682822  4.726 2.2401 
27.021
(  2 10.5 1.5 )  34  -1  -1   TRANSMITTER 

(  4.83065 10.6887 0.2 )  0  5  -1   REFLECTION 

(  11.7984 11.1532 3.4 )  69  5  -1   TRANSMISSION 

(  15.5 11.4 5.1 )  112  1  -1   REFLECTION 

(  18.3306 11.2113 6.4 )  150  0  -1   REFLECTION 

(  25.2984 10.7468 3.2 )  69  0  -1   TRANSMISSION 

(  29 10.5 1.5 )  34  -1  -1   RECEIVER 

5.43277
 0.763341 0.0789062  0.565438 0.058449  -5.31983 -0.549908 
28.2239
(  2 10.5 1.5 )  34  -1  -1   TRANSMITTER 

(  3.485 11.6 1.17 )  38  4  -1   TRANSMISSION 

(  7.85 14.8333 0.2 )  0  5  -1   REFLECTION 

(  11.6 17.6111 1.03333 )  50  2  -1   TRANSMISSION 

(  15.5 20.5 1.9 )  62  1  -1   REFLECTION 

(  21.35 16.1667 3.2 )  69  0  -1   REFLECTION 

(  27.785 11.4 1.77 )  44  1  -1   TRANSMISSION 

(  29 10.5 1.5 )  34  -1  -1   RECEIVER 

6.33389
 -0.410656 -1.87793  0 0  1.28927 5.89582 
33.2522
(  2 10.5 1.5 )  34  -1  -1   TRANSMITTER 

(  6.0814 10.5 0.2 )  0  5  -1   REFLECTION 

(  15.5 10.5 3.2 )  69  0  -1   REFLECTION 

(  24.9186 10.5 0.2 )  0  5  -1   REFLECTION 

(  29 10.5 1.5 )  34  -1  -1   RECEIVER 

4.2121
 -0.740882 0.365335  0 0  3.70441 -1.82667 
30.6311
(  2 10.5 1.5 )  34  -1  -1   TRANSMITTER 

(  8.5 10.5 0.2 )  0  5  -1   REFLECTION 

(  23.5 10.5 3.2 )  69  0  -1   REFLECTION 

(  30.5 10.5 1.8 )  23  3  -1   REFLECTION 

(  29 10.5 1.5 )  34  -1  -1   RECEIVER 

5.43087
 -0.16575 1.9231  -0.0724391 0.840467  0.429842 -4.9872 
25.7927
(  2 10.5 1.5 )  34  -1  -1   TRANSMITTER 

(  4.51695 11.6 0.344068 )  38  4  -1   TRANSMISSION 

(  4.83065 11.7371 0.2 )  0  5  -1   REFLECTION 

(  11.7984 14.7823 3.4 )  69  5  -1   TRANSMISSION 

(  15.5 16.4 5.1 )  130  1  -1   REFLECTION 

(  18.3306 15.1629 6.4 )  150  0  -1   REFLECTION 

(  25.2984 12.1177 3.2 )  69  0  -1   TRANSMISSION 

(  26.9407 11.4 2.44576 )  44  1  -1   TRANSMISSION 

(  29 10.5 1.5 )  34  -1  -1   RECEIVER 

5.33109
 1.96948 -1.68051  0 0  -3.54506 3.02491 
29.3323
(  2 10.5 1.5 )  34  -1  -1   TRANSMITTER 

(  4.34 10.5 0.2 )  0  5  -1   REFLECTION 

(  10.1 10.5 3.4 )  69  5  -1   TRANSMISSION 

(  15.5 10.5 6.4 )  150  0  -1   REFLECTION 

(  21.26 10.5 3.2 )  69  0  -1   TRANSMISSION 

(  26.66 10.5 0.2 )  0  5  -1   REFLECTION 

(  29 10.5 1.5 )  34  -1  -1   RECEIVER 

4.43313
 -0.593384 1.58604  0 0  1.43561 -3.83719 
25.3384
(  2 10.5 1.5 )  34  -1  -1   TRANSMITTER 

(  5.14516 10.5 0.2 )  0  5  -1   REFLECTION 

(  12.8871 10.5 3.4 )  69  5  -1   TRANSMISSION 

(  20.1452 10.5 6.4 )  150  0  -1   REFLECTION 

(  27.8871 10.5 3.2 )  73  0  -1   TRANSMISSION 

(  30.5 10.5 2.12 )  23  3  -1   REFLECTION 

(  29 10.5 1.5 )  34  -1  -1   RECEIVER 

4.28478
 -2.59452 -0.593252  0 0  3.27346 0.748495 
25.9699
(  2 10.5 1.5 )  34  -1  -1   TRANSMITTER 

(  3.64019 10.5 0.2 )  0  5  -1   REFLECTION 

(  7.67757 10.5 3.4 )  69  5  -1   TRANSMISSION 

(  11.715 10.5 6.6 )  150  5  -1   TRANSMISSION 

(  15.5 10.5 9.6 )  229  0  -1   REFLECTION 

(  19.5374 10.5 6.4 )  150  0  -1   TRANSMISSION 

(  23.5748 10.5 3.2 )  69  0  -1   TRANSMISSION 

(  27.3598 10.5 0.2 )  0  5  -1   REFLECTION 

(  29 10.5 1.5 )  34  -1  -1   RECEIVER 

3.96061
 0.102507 -2.10064  0 0  -0.163575 3.35209 
29.3283
(  2 10.5 1.5 )  34  -1  -1   TRANSMITTER 

(  4.07447 10.5 0.2 )  0  5  -1   REFLECTION 

(  9.18085 10.5 3.4 )  69  5  -1   TRANSMISSION 

(  14.2872 10.5 6.6 )  150  5  -1   TRANSMISSION 

(  19.0745 10.5 9.6 )  229  0  -1   REFLECTION 

(  24.1809 10.5 6.4 )  150  0  -1   TRANSMISSION 

(  29.2872 10.5 3.2 )  73  0  -1   TRANSMISSION 

(  30.5 10.5 2.44 )  23  3  -1   REFLECTION 

(  29 10.5 1.5 )  34  -1  -1   RECEIVER 

5.75934
 -0.031282 0.316112  0.0210864 -0.213083  0.565909 -5.71865 
24.1316
(  2 10.5 1.5 )  34  -1  -1   TRANSMITTER 

(  3.36239 9.4 1.36881 )  27  1  -1   TRANSMISSION 

(  11.6 2.74889 0.575556 )  19  2  -1   TRANSMISSION 

(  14.3853 0.5 0.307339 )  6  4  -1   REFLECTION 

(  15.5 1.4 0.2 )  0  5  -1   REFLECTION 

(  21.6 6.32519 0.787407 )  21  2  -1   TRANSMISSION 

(  25.656 9.6 1.17798 )  33  4  -1   TRANSMISSION 

(  27.8853 11.4 1.39266 )  44  1  -1   REFLECTION 

(  29 10.5 1.5 )  34  -1  -1   RECEIVER 

3.20193
 1.79118e-16 -6.32806e-17  -4.57334e-17 1.61572e-17  -3.01906 1.06661 
25.8895
(  2 10.5 1.5 )  34  -1  -1   TRANSMITTER 

(  4.464 9.4 1.5 )  27  1  -1   TRANSMISSION 

(  11.6 6.21429 1.5 )  19  2  -1   TRANSMISSION 

(  21.6 1.75 1.5 )  21  2  -1   TRANSMISSION 

(  24.4 0.5 1.5 )  9  4  -1   REFLECTION 

(  30.5 3.22321 1.5 )  23  3  -1   REFLECTION 

(  21.6 7.19643 1.5 )  21  2  -1   REFLECTION 

(  26.984 9.6 1.5 )  33  4  -1   TRANSMISSION 

(  29 10.5 1.5 )  34  -1  -1   RECEIVER 

3.30363
 -1.03779e-16 -1.73566e-16  -2.58536e-18 -4.32394e-18  1.69536 2.83544 
27.8303
(  2 10.5 1.5 )  34  -1  -1   TRANSMITTER 

(  3.51376 9.4 1.5 )  27  1  -1   TRANSMISSION 

(  11.6 3.524 1.5 )  19  2  -1   TRANSMISSION 

(  15.7615 0.5 1.5 )  7  4  -1   REFLECTION 

(  21.6 4.74267 1.5 )  21  2  -1   TRANSMISSION 

(  28.2844 9.6 1.5 )  33  4  -1   TRANSMISSION 

(  30.5 11.21 1.5 )  23  3  -1   REFLECTION 

(  30.2385 11.4 1.5 )  44  1  -1   REFLECTION 

(  29 10.5 1.5 )  34  -1  -1   RECEIVER 

6.95344
 -3.61649e-16 -2.22035e-16  2.94677e-17 1.80917e-17  5.92574 3.63812 
30.3098
(  2 10.5 1.5 )  34  -1  -1   TRANSMITTER 

(  2.78571 9.4 1.5 )  27  1  -1   TRANSMISSION 

(  9.14286 0.5 1.5 )  5  4  -1   REFLECTION 

(  11.6 3.94 1.5 )  19  2  -1   TRANSMISSION 

(  15.5 9.4 1.5 )  27  1  -1   REFLECTION 

(  21.6 0.86 1.5 )  21  2  -1   TRANSMISSION 

(  21.8571 0.5 1.5 )  9  4  -1   REFLECTION 

(  28.3571 9.6 1.5 )  33  4  -1   TRANSMISSION 

(  29 10.5 1.5 )  34  -1  -1   RECEIVER 

3.93609
 -2.08401e-16 1.20728e-16  -7.84414e-18 4.54417e-18  3.40586 -1.97304 
28.5744
(  2 10.5 1.5 )  34  -1  -1   TRANSMITTER 

(  3.25847 9.4 1.5 )  27  1  -1   TRANSMISSION 

(  11.6 2.10889 1.5 )  19  2  -1   TRANSMISSION 

(  13.4407 0.5 1.5 )  7  4  -1   REFLECTION 

(  21.6 7.63185 1.5 )  21  2  -1   TRANSMISSION 

(  23.8517 9.6 1.5 )  33  4  -1   TRANSMISSION 

(  25.911 11.4 1.5 )  44  1  -1   REFLECTION 

(  27.9703 9.6 1.5 )  33  4  -1   REFLECTION 

(  29 10.5 1.5 )  34  -1  -1   RECEIVER 

5.7413
 -0.155055 -0.383271  0.104519 0.258353  -2.14503 -5.30215 
23.8727
(  2 10.5 1.5 )  34  -1  -1   TRANSMITTER 

(  3.36239 9.4 1.67156 )  27  1  -1   TRANSMISSION 

(  11.6 2.74889 2.70889 )  19  2  -1   TRANSMISSION 

(  14.3853 0.5 3.05963 )  8  4  -1   REFLECTION 

(  15.5 1.4 3.2 )  69  0  -1   REFLECTION 

(  21.6 6.32519 2.43185 )  21  2  -1   TRANSMISSION 

(  25.656 9.6 1.9211 )  33  4  -1   TRANSMISSION 

(  27.8853 11.4 1.64037 )  44  1  -1   REFLECTION 

(  29 10.5 1.5 )  34  -1  -1   RECEIVER 

6.93345
 0.447796 0.30992  0 0  5.68357 3.9336 
27.7849
(  2 10.5 1.5 )  34  -1  -1   TRANSMITTER 

(  0.5 10.5 1.38182 )  17  2  -1   REFLECTION 

(  15.5 10.5 0.2 )  0  5  -1   REFLECTION 

(  30.5 10.5 1.38182 )  23  3  -1   REFLECTION 

(  29 10.5 1.5 )  34  -1  -1   RECEIVER 

25.8743
 4.95464 1.09581  0 0  24.7732 5.47903 
43.5931
(  2 10.5 1.5 )  34  -1  -1   TRANSMITTER 

(  0.5 10.5 1.2 )  17  2  -1   REFLECTION 

(  5.5 10.5 0.2 )  0  5  -1   REFLECTION 

(  20.5 10.5 3.2 )  69  0  -1   REFLECTION 

(  29 10.5 1.5 )  34  -1  -1   RECEIVER 

554.141
 -37.6449 208.301  0 0  -91.0763 503.955 
576.402
(  2 10.5 1.5 )  34  -1  -1   TRANSMITTER 

(  0.5 10.5 0.88 )  17  2  -1   REFLECTION 

(  2.14516 10.5 0.2 )  0  5  -1   REFLECTION 

(  9.8871 10.5 3.4 )  69  5  -1   TRANSMISSION 

(  17.1452 10.5 6.4 )  150  0  -1   REFLECTION 

(  24.8871 10.5 3.2 )  69  0  -1   TRANSMISSION 

(  29 10.5 1.5 )  34  -1  -1   RECEIVER 

73.0664
 -38.1562 7.03512  4.67278e-15 -8.61554e-16  -60.8875 11.2263 
602.5
(  2 10.5 1.5 )  34  -1  -1   TRANSMITTER 

(  0.5 10.5 0.56 )  17  2  -1   REFLECTION 

(  1.07447 10.5 0.2 )  0  5  -1   REFLECTION 

(  6.18085 10.5 3.4 )  69  5  -1   TRANSMISSION 

(  11.2872 10.5 6.6 )  150  5  -1   TRANSMISSION 

(  16.0745 10.5 9.6 )  229  0  -1   REFLECTION 

(  21.1809 10.5 6.4 )  150  0  -1   TRANSMISSION 

(  26.2872 10.5 3.2 )  69  0  -1   TRANSMISSION 

(  29 10.5 1.5 )  34  -1  -1   RECEIVER 

3.30465
 -7.35686e-17 -1.88504e-16  0 0  1.20147 3.07851 
605.049
(  2 10.5 1.5 )  34  -1  -1   TRANSMITTER 

(  0.5 10.5 1.5 )  17  2  -1   REFLECTION 

(  30.5 10.5 1.5 )  23  3  -1   REFLECTION 

(  0.5 10.5 1.5 )  17  2  -1   REFLECTION 

(  29 10.5 1.5 )  34  -1  -1   RECEIVER 

6.96103
 -2.87245e-16 -3.13635e-16  1.91497e-17 2.0909e-17  4.70148 5.13343 
608.798
(  2 10.5 1.5 )  34  -1  -1   TRANSMITTER 

(  0.5 10.4182 1.5 )  17  2  -1   REFLECTION 

(  15.5 9.6 1.5 )  27  4  -1   REFLECTION 

(  30.5 10.4182 1.5 )  23  3  -1   REFLECTION 

(  29 10.5 1.5 )  34  -1  -1   RECEIVER 

20.523
 -1.21472e-15 2.07197e-16  2.42945e-16 -4.14395e-17  20.2308 -3.4508 
602.136
(  2 10.5 1.5 )  34  -1  -1   TRANSMITTER 

(  0.5 10.32 1.5 )  17  2  -1   REFLECTION 

(  6.5 9.6 1.5 )  27  4  -1   REFLECTION 

(  21.5 11.4 1.5 )  41  1  -1   REFLECTION 

(  29 10.5 1.5 )  34  -1  -1   RECEIVER 

6.96103
 -2.87245e-16 -3.13635e-16  -1.91497e-17 -2.0909e-17  4.70148 5.13343 
606.111
(  2 10.5 1.5 )  34  -1  -1   TRANSMITTER 

(  0.5 10.5818 1.5 )  17  2  -1   REFLECTION 

(  15.5 11.4 1.5 )  38  1  -1   REFLECTION 

(  30.5 10.5818 1.5 )  23  3  -1   REFLECTION 

(  29 10.5 1.5 )  34  -1  -1   RECEIVER 

20.523
 -1.21472e-15 2.07197e-16  -2.42945e-16 4.14395e-17  20.2308 -3.4508 
600.251
(  2 10.5 1.5 )  34  -1  -1   TRANSMITTER 

(  0.5 10.68 1.5 )  17  2  -1   REFLECTION 

(  6.5 11.4 1.5 )  38  1  -1   REFLECTION 

(  21.5 9.6 1.5 )  30  4  -1   REFLECTION 

(  29 10.5 1.5 )  34  -1  -1   RECEIVER 

16.4655
 -2.74351 1.7031  0 0  13.7175 -8.5155 
591.951
(  2 10.5 1.5 )  34  -1  -1   TRANSMITTER 

(  0.5 10.5 1.8 )  17  2  -1   REFLECTION 

(  7.5 10.5 3.2 )  69  0  -1   REFLECTION 

(  22.5 10.5 0.2 )  0  5  -1   REFLECTION 

(  29 10.5 1.5 )  34  -1  -1   RECEIVER 

6.90321
 -0.706728 -0.0329203  0 0  6.85942 0.319521 
591.718
(  2 10.5 1.5 )  34  -1  -1   TRANSMITTER 

(  0.5 10.5 1.65455 )  17  2  -1   REFLECTION 

(  15.5 10.5 3.2 )  69  0  -1   REFLECTION 

(  30.5 10.5 1.65455 )  23  3  -1   REFLECTION 

(  29 10.5 1.5 )  34  -1  -1   RECEIVER 

9.08428
 -3.4563 0.309075  0 0  8.36202 -0.747761 
590.999
(  2 10.5 1.5 )  34  -1  -1   TRANSMITTER 

(  0.5 10.5 2.12 )  17  2  -1   REFLECTION 

(  3.59677 10.5 3.4 )  69  5  -1   TRANSMISSION 

(  10.8548 10.5 6.4 )  150  0  -1   REFLECTION 

(  18.5968 10.5 3.2 )  69  0  -1   TRANSMISSION 

(  25.8548 10.5 0.2 )  0  5  -1   REFLECTION 

(  29 10.5 1.5 )  34  -1  -1   RECEIVER 

6.41108
 1.79813 -0.312687  0 0  -6.05494 1.05293 
592.045
(  2 10.5 1.5 )  34  -1  -1   TRANSMITTER 

(  0.5 10.5 1.94545 )  17  2  -1   REFLECTION 

(  5.39796 10.5 3.4 )  69  5  -1   TRANSMISSION 

(  15.5 10.5 6.4 )  150  0  -1   REFLECTION 

(  26.2755 10.5 3.2 )  69  0  -1   TRANSMISSION 

(  30.5 10.5 1.94545 )  23  3  -1   REFLECTION 

(  29 10.5 1.5 )  34  -1  -1   RECEIVER 

11.1408
 -8.34099e-17 8.77156e-17  -4.62629e-16 4.8651e-16  -7.67712 8.07342 
600.126
(  2 10.5 1.5 )  34  -1  -1   TRANSMITTER 

(  4.684 9.4 1.5 )  27  1  -1   TRANSMISSION 

(  11.4 6.64754 1.5 )  19  3  -1   REFLECTION 

(  0.5 2.18033 1.5 )  13  2  -1   REFLECTION 

(  4.6 0.5 1.5 )  3  4  -1   REFLECTION 

(  11.6 3.36885 1.5 )  19  2  -1   TRANSMISSION 

(  21.6 7.46721 1.5 )  21  2  -1   TRANSMISSION 

(  26.804 9.6 1.5 )  33  4  -1   TRANSMISSION 

(  29 10.5 1.5 )  34  -1  -1   RECEIVER 

11.1408
 -8.34099e-17 8.77156e-17  4.62629e-16 -4.8651e-16  -7.67712 8.07342 
608.303
(  2 10.5 1.5 )  34  -1  -1   TRANSMITTER 

(  4.684 11.6 1.5 )  38  4  -1   TRANSMISSION 

(  11.4 14.3525 1.5 )  50  3  -1   REFLECTION 

(  0.5 18.8197 1.5 )  48  2  -1   REFLECTION 

(  4.6 20.5 1.5 )  58  1  -1   REFLECTION 

(  11.6 17.6311 1.5 )  50  2  -1   TRANSMISSION 

(  26.804 11.4 1.5 )  44  1  -1   TRANSMISSION 

(  29 10.5 1.5 )  34  -1  -1   RECEIVER 

5.10589
 1.8468e-16 -1.86849e-16  -1.19148e-16 1.20548e-16  -3.58926 3.63143 
612.027
(  2 10.5 1.5 )  34  -1  -1   TRANSMITTER 

(  4.563 9.4 1.5 )  27  1  -1   TRANSMISSION 

(  11.6 6.37983 1.5 )  19  2  -1   TRANSMISSION 

(  21.4 2.17382 1.5 )  21  3  -1   REFLECTION 

(  17.5 0.5 1.5 )  7  4  -1   REFLECTION 

(  11.6 3.03219 1.5 )  19  2  -1   REFLECTION 

(  21.6 7.32403 1.5 )  21  2  -1   TRANSMISSION 

(  26.903 9.6 1.5 )  33  4  -1   TRANSMISSION 

(  29 10.5 1.5 )  34  -1  -1   RECEIVER 

6.97026
 -0.0595281 -0.199523  0 0  1.9919 6.67634 
617.911
(  2 10.5 1.5 )  34  -1  -1   TRANSMITTER 

(  30.5 10.5 0.648276 )  23  3  -1   REFLECTION 

(  15.5 10.5 0.2 )  0  5  -1   REFLECTION 

(  0.5 10.5 0.648276 )  17  2  -1   REFLECTION 

(  29 10.5 1.5 )  34  -1  -1   RECEIVER 

62.7884
 7.52893e-17 3.84394e-15  -9.22028e-33 -4.70747e-31  1.22957 62.7763 
676.178
(  2 10.5 1.5 )  34  -1  -1   TRANSMITTER 

(  30.5 10.5 1.5 )  23  3  -1   REFLECTION 

(  0.5 10.5 1.5 )  17  2  -1   REFLECTION 

(  30.5 10.5 1.5 )  23  3  -1   REFLECTION 

(  29 10.5 1.5 )  34  -1  -1   RECEIVER 

6.96103
 -2.87245e-16 -3.13635e-16  1.91497e-17 2.0909e-17  4.70148 5.13343 
680.568
(  2 10.5 1.5 )  34  -1  -1   TRANSMITTER 

(  30.5 9.91034 1.5 )  23  3  -1   REFLECTION 

(  15.5 9.6 1.5 )  27  4  -1   REFLECTION 

(  0.5 9.91034 1.5 )  17  2  -1   REFLECTION 

(  29 10.5 1.5 )  34  -1  -1   RECEIVER 

6.96103
 -2.87245e-16 -3.13635e-16  -1.91497e-17 -2.0909e-17  4.70148 5.13343 
685.001
(  2 10.5 1.5 )  34  -1  -1   TRANSMITTER 

(  30.5 11.0897 1.5 )  23  3  -1   REFLECTION 

(  15.5 11.4 1.5 )  38  1  -1   REFLECTION 

(  0.5 11.0897 1.5 )  17  2  -1   REFLECTION 

(  29 10.5 1.5 )  34  -1  -1   RECEIVER 

3.54672
 -1.97558e-16 -3.80392e-17  -8.0308e-17 -1.54631e-17  3.48274 0.670593 
685.368
(  2 10.5 1.5 )  34  -1  -1   TRANSMITTER 

(  5.564 11.6 1.5 )  38  4  -1   TRANSMISSION 

(  11.6 13.463 1.5 )  50  2  -1   TRANSMISSION 

(  30.5 19.2963 1.5 )  55  3  -1   REFLECTION 

(  26.6 20.5 1.5 )  66  1  -1   REFLECTION 

(  11.6 15.8704 1.5 )  50  2  -1   REFLECTION 

(  26.084 11.4 1.5 )  44  1  -1   TRANSMISSION 

(  29 10.5 1.5 )  34  -1  -1   RECEIVER 

6.96585
 0.098529 0.25355  0 0  2.52118 6.48788 
691.356
(  2 10.5 1.5 )  34  -1  -1   TRANSMITTER 

(  30.5 10.5 2.61379 )  23  3  -1   REFLECTION 

(  15.5 10.5 3.2 )  69  0  -1   REFLECTION 

(  0.5 10.5 2.61379 )  17  2  -1   REFLECTION 

(  29 10.5 1.5 )  34  -1  -1   RECEIVER 

6.88907
 0.753229 -0.165207  0 0  6.68683 -1.46663 
689.403
(  2 10.5 1.5 )  34  -1  -1   TRANSMITTER 

(  18.8673 10.5 3.4 )  69  5  -1   TRANSMISSION 

(  30.5 10.5 4.71034 )  97  3  -1   REFLECTION 

(  15.5 10.5 6.4 )  150  0  -1   REFLECTION 

(  0.5 10.5 4.71034 )  91  2  -1   REFLECTION 

(  13.9082 10.5 3.2 )  69  0  -1   TRANSMISSION 

(  29 10.5 1.5 )  34  -1  -1   RECEIVER 

6.97648
 -7.49049e-17 -4.20568e-16  0 0  1.22329 6.8684 
695.803
(  2 10.5 1.5 )  34  -1  -1   TRANSMITTER 

(  8.75 9.6 0.85 )  27  4  -1   REFLECTION 

(  15.5 10.5 0.2 )  0  5  -1   REFLECTION 

(  22.25 11.4 0.85 )  41  1  -1   REFLECTION 

(  29 10.5 1.5 )  34  -1  -1   RECEIVER 

5.75934
 0.031282 -0.316112  0.0210864 -0.213083  0.565909 -5.71865 
690.281
(  2 10.5 1.5 )  34  -1  -1   TRANSMITTER 

(  3.11468 9.6 1.39266 )  27  4  -1   REFLECTION 

(  5.59174 11.6 1.15413 )  38  4  -1   TRANSMISSION 

(  11.6 16.4511 0.575556 )  50  2  -1   TRANSMISSION 

(  15.5 19.6 0.2 )  0  5  -1   REFLECTION 

(  16.6147 20.5 0.307339 )  61  1  -1   REFLECTION 

(  27.8853 11.4 1.39266 )  44  1  -1   TRANSMISSION 

(  29 10.5 1.5 )  34  -1  -1   RECEIVER 

56.7519
 3.52658e-16 -3.1211e-15  1.66925e-16 -1.47732e-15  6.37193 -56.3931 
637.075
(  2 10.5 1.5 )  34  -1  -1   TRANSMITTER 

(  0.761468 9.6 1.5 )  24  4  -1   REFLECTION 

(  0.5 9.79 1.5 )  17  2  -1   REFLECTION 

(  2.99083 11.6 1.5 )  38  4  -1   TRANSMISSION 

(  11.6 17.856 1.5 )  50  2  -1   TRANSMISSION 

(  15.2385 20.5 1.5 )  62  1  -1   REFLECTION 

(  27.7615 11.4 1.5 )  44  1  -1   TRANSMISSION 

(  29 10.5 1.5 )  34  -1  -1   RECEIVER 

29.2727
 -1.44691e-15 -9.31594e-16  -4.2157e-16 -2.71427e-16  24.6124 15.8467 
651.1
(  2 10.5 1.5 )  34  -1  -1   TRANSMITTER 

(  3.02966 9.6 1.5 )  27  4  -1   REFLECTION 

(  5.08898 11.4 1.5 )  38  1  -1   REFLECTION 

(  7.37712 9.4 1.5 )  27  1  -1   TRANSMISSION 

(  11.6 5.70889 1.5 )  19  2  -1   TRANSMISSION 

(  17.5593 0.5 1.5 )  7  4  -1   REFLECTION 

(  21.6 4.03185 1.5 )  21  2  -1   TRANSMISSION 

(  27.9703 9.6 1.5 )  33  4  -1   TRANSMISSION 

(  29 10.5 1.5 )  34  -1  -1   RECEIVER 

4.18255
 -1.51414e-16 -2.063e-16  -6.05658e-18 -8.25201e-18  2.47476 3.37183 
654.233
(  2 10.5 1.5 )  34  -1  -1   TRANSMITTER 

(  9.5 9.6 1.5 )  27  4  -1   REFLECTION 

(  24.5 11.4 1.5 )  44  1  -1   REFLECTION 

(  30.5 10.68 1.5 )  23  3  -1   REFLECTION 

(  29 10.5 1.5 )  34  -1  -1   RECEIVER 

6.96103
 -2.87245e-16 -3.13635e-16  -1.91497e-17 -2.0909e-17  4.70148 5.13343 
659.022
(  2 10.5 1.5 )  34  -1  -1   TRANSMITTER 

(  6.5 9.6 1.5 )  27  4  -1   REFLECTION 

(  15.5 11.4 1.5 )  38  1  -1   REFLECTION 

(  24.5 9.6 1.5 )  33  4  -1   REFLECTION 

(  29 10.5 1.5 )  34  -1  -1   RECEIVER 

5.606
 1.0827e-16 -2.53699e-16  8.01998e-17 -1.87925e-16  -2.20044 5.1561 
663.869
(  2 10.5 1.5 )  34  -1  -1   TRANSMITTER 

(  3.02966 9.6 1.5 )  27  4  -1   REFLECTION 

(  5.3178 11.6 1.5 )  38  4  -1   TRANSMISSION 

(  11.6 17.0911 1.5 )  50  2  -1   TRANSMISSION 

(  15.5 20.5 1.5 )  62  1  -1   REFLECTION 

(  25.911 11.4 1.5 )  44  1  -1   TRANSMISSION 

(  27.9703 9.6 1.5 )  33  4  -1   REFLECTION 

(  29 10.5 1.5 )  34  -1  -1   RECEIVER 

6.97648
 -7.49049e-17 -4.20568e-16  0 0  1.22329 6.8684 
670.318
(  2 10.5 1.5 )  34  -1  -1   TRANSMITTER 

(  8.75 9.6 2.35 )  27  4  -1   REFLECTION 

(  15.5 10.5 3.2 )  69  0  -1   REFLECTION 

(  22.25 11.4 2.35 )  41  1  -1   REFLECTION 

(  29 10.5 1.5 )  34  -1  -1   RECEIVER 

5.7413
 0.155055 0.383271  0.104519 0.258353  -2.14503 -5.30215 
665.448
(  2 10.5 1.5 )  34  -1  -1   TRANSMITTER 

(  3.11468 9.6 1.64037 )  27  4  -1   REFLECTION 

(  5.59174 11.6 1.95229 )  38  4  -1   TRANSMISSION 

(  11.6 16.4511 2.70889 )  50  2  -1   TRANSMISSION 

(  15.5 19.6 3.2 )  69  0  -1   REFLECTION 

(  16.6147 20.5 3.05963 )  63  1  -1   REFLECTION 

(  27.8853 11.4 1.64037 )  44  1  -1   TRANSMISSION 

(  29 10.5 1.5 )  34  -1  -1   RECEIVER 

6.97648
 -7.49049e-17 -4.20568e-16  0 0  1.22329 6.8684 
671.896
(  2 10.5 1.5 )  34  -1  -1   TRANSMITTER 

(  7.23469 9.80204 3.4 )  69  5  -1   TRANSMISSION 

(  8.75 9.6 3.95 )  101  4  -1   REFLECTION 

(  15.5 10.5 6.4 )  150  0  -1   REFLECTION 

(  22.25 11.4 3.95 )  115  1  -1   REFLECTION 

(  24.3163 11.1245 3.2 )  69  0  -1   TRANSMISSION 

(  29 10.5 1.5 )  34  -1  -1   RECEIVER 

6.97648
 -6.18154e-16 -3.47075e-15  -8.1338e-32 -4.56688e-31  1.22329 6.8684 
678.355
(  2 10.5 1.5 )  34  -1  -1   TRANSMITTER 

(  5.16667 10.0778 3.4 )  69  5  -1   TRANSMISSION 

(  8.75 9.6 5.55 )  101  4  -1   REFLECTION 

(  10.5 9.83333 6.6 )  150  5  -1   TRANSMISSION 

(  15.5 10.5 9.6 )  229  0  -1   REFLECTION 

(  20.8333 11.2111 6.4 )  150  0  -1   TRANSMISSION 

(  22.25 11.4 5.55 )  115  1  -1   REFLECTION 

(  26.1667 10.8778 3.2 )  69  0  -1   TRANSMISSION 

(  29 10.5 1.5 )  34  -1  -1   RECEIVER 

5.75934
 0.031282 -0.316112  -0.0210864 0.213083  0.565909 -5.71865 
672.869
(  2 10.5 1.5 )  34  -1  -1   TRANSMITTER 

(  3.11468 11.4 1.39266 )  38  1  -1   REFLECTION 

(  5.59174 9.4 1.15413 )  27  1  -1   TRANSMISSION 

(  11.6 4.54889 0.575556 )  19  2  -1   TRANSMISSION 

(  15.5 1.4 0.2 )  0  5  -1   REFLECTION 

(  16.6147 0.5 0.307339 )  6  4  -1   REFLECTION 

(  21.6 4.52519 0.787407 )  21  2  -1   TRANSMISSION 

(  27.8853 9.6 1.39266 )  33  4  -1   TRANSMISSION 

(  29 10.5 1.5 )  34  -1  -1   RECEIVER 

6.97648
 -7.49049e-17 -4.20568e-16  0 0  1.22329 6.8684 
679.334
(  2 10.5 1.5 )  34  -1  -1   TRANSMITTER 

(  8.75 11.4 0.85 )  38  1  -1   REFLECTION 

(  15.5 10.5 0.2 )  0  5  -1   REFLECTION 

(  22.25 9.6 0.85 )  30  4  -1   REFLECTION 

(  29 10.5 1.5 )  34  -1  -1   RECEIVER 

5.606
 1.0827e-16 -2.53699e-16  -8.01998e-17 1.87925e-16  -2.20044 5.1561 
684.196
(  2 10.5 1.5 )  34  -1  -1   TRANSMITTER 

(  3.02966 11.4 1.5 )  38  1  -1   REFLECTION 

(  5.3178 9.4 1.5 )  27  1  -1   TRANSMISSION 

(  11.6 3.90889 1.5 )  19  2  -1   TRANSMISSION 

(  15.5 0.5 1.5 )  7  4  -1   REFLECTION 

(  21.6 5.83185 1.5 )  21  2  -1   TRANSMISSION 

(  25.911 9.6 1.5 )  33  4  -1   TRANSMISSION 

(  27.9703 11.4 1.5 )  44  1  -1   REFLECTION 

(  29 10.5 1.5 )  34  -1  -1   RECEIVER 

56.7519
 3.52658e-16 -3.1211e-15  -1.66925e-16 1.47732e-15  6.37193 -56.3931 
631.323
(  2 10.5 1.5 )  34  -1  -1   TRANSMITTER 

(  0.761468 11.4 1.5 )  35  1  -1   REFLECTION 

(  0.5 11.21 1.5 )  17  2  -1   REFLECTION 

(  2.99083 9.4 1.5 )  27  1  -1   TRANSMISSION 

(  11.6 3.144 1.5 )  19  2  -1   TRANSMISSION 

(  15.2385 0.5 1.5 )  7  4  -1   REFLECTION 

(  21.6 5.12267 1.5 )  21  2  -1   TRANSMISSION 

(  27.7615 9.6 1.5 )  33  4  -1   TRANSMISSION 

(  29 10.5 1.5 )  34  -1  -1   RECEIVER 

4.18255
 -1.51414e-16 -2.063e-16  6.05658e-18 8.25201e-18  2.47476 3.37183 
634.489
(  2 10.5 1.5 )  34  -1  -1   TRANSMITTER 

(  9.5 11.4 1.5 )  38  1  -1   REFLECTION 

(  24.5 9.6 1.5 )  33  4  -1   REFLECTION 

(  30.5 10.32 1.5 )  23  3  -1   REFLECTION 

(  29 10.5 1.5 )  34  -1  -1   RECEIVER 

6.96103
 -2.87245e-16 -3.13635e-16  1.91497e-17 2.0909e-17  4.70148 5.13343 
639.349
(  2 10.5 1.5 )  34  -1  -1   TRANSMITTER 

(  6.5 11.4 1.5 )  38  1  -1   REFLECTION 

(  15.5 9.6 1.5 )  27  4  -1   REFLECTION 

(  24.5 11.4 1.5 )  44  1  -1   REFLECTION 

(  29 10.5 1.5 )  34  -1  -1   RECEIVER 

29.2727
 -1.44691e-15 -9.31594e-16  4.2157e-16 2.71427e-16  24.6124 15.8467 
655.068
(  2 10.5 1.5 )  34  -1  -1   TRANSMITTER 

(  3.02966 11.4 1.5 )  38  1  -1   REFLECTION 

(  5.08898 9.6 1.5 )  27  4  -1   REFLECTION 

(  7.37712 11.6 1.5 )  38  4  -1   TRANSMISSION 

(  11.6 15.2911 1.5 )  50  2  -1   TRANSMISSION 

(  17.5593 20.5 1.5 )  62  1  -1   REFLECTION 

(  27.9703 11.4 1.5 )  44  1  -1   TRANSMISSION 

(  29 10.5 1.5 )  34  -1  -1   RECEIVER 

5.7413
 0.155055 0.383271  -0.104519 -0.258353  -2.14503 -5.30215 
650.098
(  2 10.5 1.5 )  34  -1  -1   TRANSMITTER 

(  3.11468 11.4 1.64037 )  38  1  -1   REFLECTION 

(  5.59174 9.4 1.95229 )  27  1  -1   TRANSMISSION 

(  11.6 4.54889 2.70889 )  19  2  -1   TRANSMISSION 

(  15.5 1.4 3.2 )  69  0  -1   REFLECTION 

(  16.6147 0.5 3.05963 )  8  4  -1   REFLECTION 

(  21.6 4.52519 2.43185 )  21  2  -1   TRANSMISSION 

(  27.8853 9.6 1.64037 )  33  4  -1   TRANSMISSION 

(  29 10.5 1.5 )  34  -1  -1   RECEIVER 

6.97648
 -7.49049e-17 -4.20568e-16  0 0  1.22329 6.8684 
656.587
(  2 10.5 1.5 )  34  -1  -1   TRANSMITTER 

(  8.75 11.4 2.35 )  38  1  -1   REFLECTION 

(  15.5 10.5 3.2 )  69  0  -1   REFLECTION 

(  22.25 9.6 2.35 )  30  4  -1   REFLECTION 

(  29 10.5 1.5 )  34  -1  -1   RECEIVER 

6.97648
 -7.49049e-17 -4.20568e-16  0 0  1.22329 6.8684 
663.087
(  2 10.5 1.5 )  34  -1  -1   TRANSMITTER 

(  7.23469 11.198 3.4 )  69  5  -1   TRANSMISSION 

(  8.75 11.4 3.95 )  112  1  -1   REFLECTION 

(  15.5 10.5 6.4 )  150  0  -1   REFLECTION 

(  22.25 9.6 3.95 )  104  4  -1   REFLECTION 

(  24.3163 9.87551 3.2 )  69  0  -1   TRANSMISSION 

(  29 10.5 1.5 )  34  -1  -1   RECEIVER 

6.97648
 -6.18154e-16 -3.47075e-15  0 0  1.22329 6.8684 
669.595
(  2 10.5 1.5 )  34  -1  -1   TRANSMITTER 

(  5.16667 10.9222 3.4 )  69  5  -1   TRANSMISSION 

(  8.75 11.4 5.55 )  112  1  -1   REFLECTION 

(  10.5 11.1667 6.6 )  150  5  -1   TRANSMISSION 

(  15.5 10.5 9.6 )  229  0  -1   REFLECTION 

(  20.8333 9.78889 6.4 )  150  0  -1   TRANSMISSION 

(  22.25 9.6 5.55 )  104  4  -1   REFLECTION 

(  26.1667 10.1222 3.2 )  69  0  -1   TRANSMISSION 

(  29 10.5 1.5 )  34  -1  -1   RECEIVER 

5.75934
 -0.031282 0.316112  -0.0210864 0.213083  0.565909 -5.71865 
664.37
(  2 10.5 1.5 )  34  -1  -1   TRANSMITTER 

(  3.36239 11.6 1.36881 )  38  4  -1   TRANSMISSION 

(  11.6 18.2511 0.575556 )  50  2  -1   TRANSMISSION 

(  14.3853 20.5 0.307339 )  61  1  -1   REFLECTION 

(  15.5 19.6 0.2 )  0  5  -1   REFLECTION 

(  25.656 11.4 1.17798 )  44  1  -1   TRANSMISSION 

(  27.8853 9.6 1.39266 )  33  4  -1   REFLECTION 

(  29 10.5 1.5 )  34  -1  -1   RECEIVER 

3.30363
 -1.03779e-16 -1.73566e-16  2.58536e-18 4.32394e-18  1.69536 2.83544 
667.127
(  2 10.5 1.5 )  34  -1  -1   TRANSMITTER 

(  3.51376 11.6 1.5 )  38  4  -1   TRANSMISSION 

(  11.6 17.476 1.5 )  50  2  -1   TRANSMISSION 

(  15.7615 20.5 1.5 )  62  1  -1   REFLECTION 

(  28.2844 11.4 1.5 )  44  1  -1   TRANSMISSION 

(  30.5 9.79 1.5 )  23  3  -1   REFLECTION 

(  30.2385 9.6 1.5 )  33  4  -1   REFLECTION 

(  29 10.5 1.5 )  34  -1  -1   RECEIVER 

3.93609
 -2.08401e-16 1.20728e-16  7.84414e-18 -4.54417e-18  3.40586 -1.97304 
665.491
(  2 10.5 1.5 )  34  -1  -1   TRANSMITTER 

(  3.25847 11.6 1.5 )  38  4  -1   TRANSMISSION 

(  11.6 18.8911 1.5 )  50  2  -1   TRANSMISSION 

(  13.4407 20.5 1.5 )  62  1  -1   REFLECTION 

(  23.8517 11.4 1.5 )  44  1  -1   TRANSMISSION 

(  25.911 9.6 1.5 )  33  4  -1   REFLECTION 

(  27.9703 11.4 1.5 )  44  1  -1   REFLECTION 

(  29 10.5 1.5 )  34  -1  -1   RECEIVER 

6.95344
 -3.61649e-16 -2.22035e-16  -2.94677e-17 -1.80917e-17  5.92574 3.63812 
669.31
(  2 10.5 1.5 )  34  -1  -1   TRANSMITTER 

(  2.78571 11.6 1.5 )  38  4  -1   TRANSMISSION 

(  9.14286 20.5 1.5 )  60  1  -1   REFLECTION 

(  11.6 17.06 1.5 )  50  2  -1   TRANSMISSION 

(  15.5 11.6 1.5 )  38  4  -1   REFLECTION 

(  21.8571 20.5 1.5 )  64  1  -1   REFLECTION 

(  28.3571 11.4 1.5 )  44  1  -1   TRANSMISSION 

(  29 10.5 1.5 )  34  -1  -1   RECEIVER 

5.7413
 -0.155055 -0.383271  -0.104519 -0.258353  -2.14503 -5.30215 
664.086
(  2 10.5 1.5 )  34  -1  -1   TRANSMITTER 

(  3.36239 11.6 1.67156 )  38  4  -1   TRANSMISSION 

(  11.6 18.2511 2.70889 )  50  2  -1   TRANSMISSION 

(  14.3853 20.5 3.05963 )  63  1  -1   REFLECTION 

(  15.5 19.6 3.2 )  69  0  -1   REFLECTION 

(  25.656 11.4 1.9211 )  44  1  -1   TRANSMISSION 

(  27.8853 9.6 1.64037 )  33  4  -1   REFLECTION 

(  29 10.5 1.5 )  34  -1  -1   RECEIVER 

3.85362
 0.25165 -0.71263  0 0  1.25825 -3.56315 
660.581
(  2 10.5 1.5 )  34  -1  -1   TRANSMITTER 

(  10.5 10.5 3.2 )  69  0  -1   REFLECTION 

(  25.5 10.5 0.2 )  0  5  -1   REFLECTION 

(  30.5 10.5 1.2 )  23  3  -1   REFLECTION 

(  29 10.5 1.5 )  34  -1  -1   RECEIVER 

6.2223
 1.05283 -1.75414  0 0  3.0241 -5.03849 
655.4
(  2 10.5 1.5 )  34  -1  -1   TRANSMITTER 

(  6.88298 10.5 3.2 )  69  0  -1   REFLECTION 

(  15.5 10.5 0.2 )  0  5  -1   REFLECTION 

(  24.117 10.5 3.2 )  69  0  -1   REFLECTION 

(  29 10.5 1.5 )  34  -1  -1   RECEIVER 

8.73515
 1.71025 -4.06682  0 0  2.92259 -6.94963 
647.62
(  2 10.5 1.5 )  34  -1  -1   TRANSMITTER 

(  4.90506 10.5 3.2 )  69  0  -1   REFLECTION 

(  10.0316 10.5 0.2 )  0  5  -1   REFLECTION 

(  15.5 10.5 3.4 )  69  5  -1   TRANSMISSION 

(  20.6266 10.5 6.4 )  150  0  -1   REFLECTION 

(  26.0949 10.5 3.2 )  69  0  -1   TRANSMISSION 

(  29 10.5 1.5 )  34  -1  -1   RECEIVER 

9.83049
 -6.10492 -1.30766  0 0  -7.4249 -1.5904 
645.934
(  2 10.5 1.5 )  34  -1  -1   TRANSMITTER 

(  4.06757 10.5 3.2 )  69  0  -1   REFLECTION 

(  7.71622 10.5 0.2 )  0  5  -1   REFLECTION 

(  11.6081 10.5 3.4 )  69  5  -1   TRANSMISSION 

(  15.5 10.5 6.6 )  150  5  -1   TRANSMISSION 

(  19.1486 10.5 9.6 )  229  0  -1   REFLECTION 

(  23.0405 10.5 6.4 )  150  0  -1   TRANSMISSION 

(  26.9324 10.5 3.2 )  73  0  -1   TRANSMISSION 

(  29 10.5 1.5 )  34  -1  -1   RECEIVER 

5.43277
 -0.763341 -0.0789062  0.565438 0.058449  -5.31983 -0.549908 
645.134
(  2 10.5 1.5 )  34  -1  -1   TRANSMITTER 

(  3.485 9.4 1.83 )  27  1  -1   TRANSMISSION 

(  9.65 4.83333 3.2 )  69  0  -1   REFLECTION 

(  11.6 3.38889 2.76667 )  19  2  -1   TRANSMISSION 

(  15.5 0.5 1.9 )  7  4  -1   REFLECTION 

(  21.6 5.01852 0.544444 )  21  2  -1   TRANSMISSION 

(  23.15 6.16667 0.2 )  0  5  -1   REFLECTION 

(  27.785 9.6 1.23 )  33  4  -1   TRANSMISSION 

(  29 10.5 1.5 )  34  -1  -1   RECEIVER 

6.63484
 0.874862 1.13505  -0.0583241 -0.0756698  3.95438 5.13041 
650.445
(  2 10.5 1.5 )  34  -1  -1   TRANSMITTER 

(  9.65 9.99 3.2 )  69  0  -1   REFLECTION 

(  15.5 9.6 1.9 )  27  4  -1   REFLECTION 

(  23.15 10.11 0.2 )  0  5  -1   REFLECTION 

(  29 10.5 1.5 )  34  -1  -1   RECEIVER 

6.63484
 0.874862 1.13505  0.0583241 0.0756698  3.95438 5.13041 
655.779
(  2 10.5 1.5 )  34  -1  -1   TRANSMITTER 

(  9.65 11.01 3.2 )  69  0  -1   REFLECTION 

(  15.5 11.4 1.9 )  38  1  -1   REFLECTION 

(  23.15 10.89 0.2 )  0  5  -1   REFLECTION 

(  29 10.5 1.5 )  34  -1  -1   RECEIVER 

5.43277
 -0.763341 -0.0789062  -0.565438 -0.058449  -5.31983 -0.549908 
654.961
(  2 10.5 1.5 )  34  -1  -1   TRANSMITTER 

(  3.485 11.6 1.83 )  38  4  -1   TRANSMISSION 

(  9.65 16.1667 3.2 )  69  0  -1   REFLECTION 

(  11.6 17.6111 2.76667 )  50  2  -1   TRANSMISSION 

(  15.5 20.5 1.9 )  62  1  -1   REFLECTION 

(  23.15 14.8333 0.2 )  0  5  -1   REFLECTION 

(  27.785 11.4 1.23 )  44  1  -1   TRANSMISSION 

(  29 10.5 1.5 )  34  -1  -1   RECEIVER 

2.99536
 -1.13956 -0.10287  7.5378e-17 6.8045e-18  -2.757 -0.248879 
654.668
(  2 10.5 1.5 )  34  -1  -1   TRANSMITTER 

(  6.59677 10.5 3.4 )  69  5  -1   TRANSMISSION 

(  13.8548 10.5 6.4 )  150  0  -1   REFLECTION 

(  21.5968 10.5 3.2 )  69  0  -1   TRANSMISSION 

(  28.8548 10.5 0.2 )  0  5  -1   REFLECTION 

(  30.5 10.5 0.88 )  23  3  -1   REFLECTION 

(  29 10.5 1.5 )  34  -1  -1   RECEIVER 

3.69867
 0.257069 -1.85029  0 0  0.439296 -3.16188 
651.115
(  2 10.5 1.5 )  34  -1  -1   TRANSMITTER 

(  5.24684 10.5 3.4 )  69  5  -1   TRANSMISSION 

(  10.3734 10.5 6.4 )  150  0  -1   REFLECTION 

(  15.8418 10.5 3.2 )  69  0  -1   TRANSMISSION 

(  20.9684 10.5 0.2 )  0  5  -1   REFLECTION 

(  26.0949 10.5 3.2 )  69  0  -1   REFLECTION 

(  29 10.5 1.5 )  34  -1  -1   RECEIVER 

4.16246
 -0.518856 2.59218  0 0  -0.631041 3.15265 
654.917
(  2 10.5 1.5 )  34  -1  -1   TRANSMITTER 

(  4.31081 10.5 3.4 )  69  5  -1   TRANSMISSION 

(  7.95946 10.5 6.4 )  150  0  -1   REFLECTION 

(  11.8514 10.5 3.2 )  69  0  -1   TRANSMISSION 

(  15.5 10.5 0.2 )  0  5  -1   REFLECTION 

(  19.3919 10.5 3.4 )  69  5  -1   TRANSMISSION 

(  23.0405 10.5 6.4 )  150  0  -1   REFLECTION 

(  26.9324 10.5 3.2 )  73  0  -1   TRANSMISSION 

(  29 10.5 1.5 )  34  -1  -1   RECEIVER 

5.75299
 2.16086 1.02423  -0.144057 -0.0682822  4.726 2.2401 
657.365
(  2 10.5 1.5 )  34  -1  -1   TRANSMITTER 

(  6.1371 10.2242 3.4 )  69  5  -1   TRANSMISSION 

(  12.6694 9.78871 6.4 )  150  0  -1   REFLECTION 

(  15.5 9.6 5.1 )  101  4  -1   REFLECTION 

(  19.6371 9.87581 3.2 )  69  0  -1   TRANSMISSION 

(  26.1694 10.3113 0.2 )  0  5  -1   REFLECTION 

(  29 10.5 1.5 )  34  -1  -1   RECEIVER 

5.75299
 2.16086 1.02423  0.144057 0.0682822  4.726 2.2401 
659.853
(  2 10.5 1.5 )  34  -1  -1   TRANSMITTER 

(  6.1371 10.7758 3.4 )  69  5  -1   TRANSMISSION 

(  12.6694 11.2113 6.4 )  150  0  -1   REFLECTION 

(  15.5 11.4 5.1 )  112  1  -1   REFLECTION 

(  19.6371 11.1242 3.2 )  69  0  -1   TRANSMISSION 

(  26.1694 10.6887 0.2 )  0  5  -1   REFLECTION 

(  29 10.5 1.5 )  34  -1  -1   RECEIVER 

5.19686
 0.695214 -2.531  0 0  1.18802 -4.32512 
655.005
(  2 10.5 1.5 )  34  -1  -1   TRANSMITTER 

(  5.24684 10.5 3.4 )  69  5  -1   TRANSMISSION 

(  10.3734 10.5 6.4 )  150  0  -1   REFLECTION 

(  15.5 10.5 3.4 )  69  5  -1   REFLECTION 

(  20.6266 10.5 6.4 )  150  0  -1   REFLECTION 

(  26.0949 10.5 3.2 )  69  0  -1   TRANSMISSION 

(  29 10.5 1.5 )  34  -1  -1   RECEIVER 

5.84852
 -3.1047 2.03906  0 0  -3.77599 2.47994 
658.089
(  2 10.5 1.5 )  34  -1  -1   TRANSMITTER 

(  4.31081 10.5 3.4 )  69  5  -1   TRANSMISSION 

(  7.95946 10.5 6.4 )  150  0  -1   REFLECTION 

(  11.6081 10.5 3.4 )  69  5  -1   REFLECTION 

(  15.5 10.5 6.6 )  150  5  -1   TRANSMISSION 

(  19.1486 10.5 9.6 )  229  0  -1   REFLECTION 

(  23.0405 10.5 6.4 )  150  0  -1   TRANSMISSION 

(  26.9324 10.5 3.2 )  73  0  -1   TRANSMISSION 

(  29 10.5 1.5 )  34  -1  -1   RECEIVER 

2.42163
 0.503974 -1.18305  0 0  0.804213 -1.88784 
655.939
(  2 10.5 1.5 )  34  -1  -1   TRANSMITTER 

(  5.03191 10.5 3.4 )  69  5  -1   TRANSMISSION 

(  10.1383 10.5 6.6 )  150  5  -1   TRANSMISSION 

(  14.9255 10.5 9.6 )  229  0  -1   REFLECTION 

(  20.0319 10.5 6.4 )  150  0  -1   TRANSMISSION 

(  25.1383 10.5 3.2 )  69  0  -1   TRANSMISSION 

(  29.9255 10.5 0.2 )  0  5  -1   REFLECTION 

(  30.5 10.5 0.56 )  23  3  -1   REFLECTION 

(  29 10.5 1.5 )  34  -1  -1   RECEIVER 

3.82861
 0.0265518 -0.0186411  -0.00237577 0.00166794  3.13336 -2.19983 
654.111
(  2 10.5 1.5 )  34  -1  -1   TRANSMITTER 

(  3.51338 9.4 1.60501 )  27  1  -1   TRANSMISSION 

(  11.6 3.52224 2.16612 )  19  2  -1   TRANSMISSION 

(  15.758 0.5 2.45464 )  8  4  -1   REFLECTION 

(  21.6 4.74626 2.86 )  21  2  -1   TRANSMISSION 

(  26.5 8.30783 3.2 )  69  0  2  0   DIFFRACTION 

(  27.9736 9.6 2.19794 )  33  4  -1   TRANSMISSION 

(  29 10.5 1.5 )  34  -1  -1   RECEIVER 

6.60345
 1.28922 0.810052  -0.0660762 -0.0415173  5.44028 3.41826 
657.852
(  2 10.5 1.5 )  34  -1  -1   TRANSMITTER 

(  5.15995 10.1975 3.4 )  69  5  -1   TRANSMISSION 

(  10.482 9.6879 6.6 )  150  5  -1   TRANSMISSION 

(  11.4 9.6 7.15198 )  188  4  3  9   DIFFRACTION 

(  15.4847 9.80888 9.6 )  229  0  -1   REFLECTION 

(  20.8241 10.0819 6.4 )  150  0  -1   TRANSMISSION 

(  26.1634 10.3549 3.2 )  69  0  -1   TRANSMISSION 

(  29 10.5 1.5 )  34  -1  -1   RECEIVER 

6.60345
 1.28922 0.810052  0.0660762 0.0415173  5.44028 3.41826 
661.637
(  2 10.5 1.5 )  34  -1  -1   TRANSMITTER 

(  5.15995 10.8025 3.4 )  69  5  -1   TRANSMISSION 

(  10.482 11.3121 6.6 )  150  5  -1   TRANSMISSION 

(  11.4 11.4 7.15198 )  195  3  1  10   DIFFRACTION 

(  15.4847 11.1911 9.6 )  229  0  -1   REFLECTION 

(  20.8241 10.9181 6.4 )  150  0  -1   TRANSMISSION 

(  26.1634 10.6451 3.2 )  69  0  -1   TRANSMISSION 

(  29 10.5 1.5 )  34  -1  -1   RECEIVER 

5.43309
 -0.0960048 -0.609636  0.0698783 0.443731  0.836798 5.31371 
666.511
(  2 10.5 1.5 )  34  -1  -1   TRANSMITTER 

(  3.51128 9.4 1.23476 )  27  1  -1   TRANSMISSION 

(  9.40698 5.10874 0.2 )  0  5  -1   REFLECTION 

(  11.6 3.51252 0.584898 )  19  2  -1   TRANSMISSION 

(  15.7389 0.5 1.31131 )  7  4  -1   REFLECTION 

(  21.6 4.7661 2.34 )  21  2  -1   TRANSMISSION 

(  26.5 8.33262 3.2 )  69  0  2  0   DIFFRACTION 

(  27.9619 9.6 2.20592 )  33  4  -1   TRANSMISSION 

(  29 10.5 1.5 )  34  -1  -1   RECEIVER 

3.27279
 -0.0273448 0.031035  0.00379211 -0.00430385  -2.16344 2.45539 
668.622
(  2 10.5 1.5 )  34  -1  -1   TRANSMITTER 

(  3.95355 9.4 1.60219 )  27  1  -1   TRANSMISSION 

(  11.6 5.09446 2.00215 )  19  2  -1   TRANSMISSION 

(  19.7596 0.5 2.42896 )  9  4  -1   REFLECTION 

(  21.6 1.53631 2.52523 )  21  2  -1   TRANSMISSION 

(  30.5 6.5477 2.99077 )  23  3  -1   REFLECTION 

(  26.5 8.80001 3.2 )  69  0  2  0   DIFFRACTION 

(  27.6765 9.6 2.4 )  33  4  -1   TRANSMISSION 

(  29 10.5 1.5 )  34  -1  -1   RECEIVER 

5.23749
 -0.101764 0.186015  0.0683253 -0.124893  2.51071 -4.58937 
664.631
(  2 10.5 1.5 )  34  -1  -1   TRANSMITTER 

(  3.13598 11.4 1.57882 )  38  1  -1   REFLECTION 

(  5.66038 9.4 1.75399 )  27  1  -1   TRANSMISSION 

(  11.6 4.69424 2.16612 )  19  2  -1   TRANSMISSION 

(  16.894 0.5 2.53346 )  8  4  -1   REFLECTION 

(  21.6 4.22842 2.86 )  21  2  -1   TRANSMISSION 

(  26.5 8.11053 3.2 )  69  0  2  0   DIFFRACTION 

(  28.0584 9.6 2.14031 )  33  4  -1   TRANSMISSION 

(  29 10.5 1.5 )  34  -1  -1   RECEIVER 

3.15156
 -0.34546 -0.476868  -0.0517314 -0.0714091  -1.81562 -2.50625 
662.006
(  2 10.5 1.5 )  34  -1  -1   TRANSMITTER 

(  9.34576 11.6 2.92903 )  38  4  -1   TRANSMISSION 

(  11.7667 11.9625 3.4 )  69  5  -1   TRANSMISSION 

(  27.1879 14.2718 6.4 )  154  0  -1   REFLECTION 

(  30.5 14.7678 5.75567 )  135  3  -1   REFLECTION 

(  19.6 16.4 3.63521 )  131  1  2  4   DIFFRACTION 

(  21.516 15.1974 3.2 )  69  0  -1   TRANSMISSION 

(  27.5661 11.4 1.82571 )  44  1  -1   TRANSMISSION 

(  29 10.5 1.5 )  34  -1  -1   RECEIVER 

9.57497
 -0.779184 1.73945  0.0746028 -0.166543  3.83526 -8.56182 
655.032
(  2 10.5 1.5 )  34  -1  -1   TRANSMITTER 

(  5.08904 11.3873 3.4 )  69  5  -1   TRANSMISSION 

(  5.13333 11.4 3.42724 )  112  1  -1   REFLECTION 

(  10.2916 9.91836 6.6 )  150  5  -1   TRANSMISSION 

(  11.4 9.6 7.28173 )  188  4  3  9   DIFFRACTION 

(  15.3163 9.80027 9.6 )  229  0  -1   REFLECTION 

(  20.7222 10.0767 6.4 )  150  0  -1   TRANSMISSION 

(  26.1281 10.3531 3.2 )  69  0  -1   TRANSMISSION 

(  29 10.5 1.5 )  34  -1  -1   RECEIVER 

9.57497
 -0.779184 1.73945  -0.0746028 0.166543  3.83526 -8.56182 
648.125
(  2 10.5 1.5 )  34  -1  -1   TRANSMITTER 

(  5.08904 9.61272 3.4 )  69  5  -1   TRANSMISSION 

(  5.13333 9.6 3.42724 )  101  4  -1   REFLECTION 

(  10.2916 11.0816 6.6 )  150  5  -1   TRANSMISSION 

(  11.4 11.4 7.28173 )  195  3  1  10   DIFFRACTION 

(  15.3163 11.1997 9.6 )  229  0  -1   REFLECTION 

(  20.7222 10.9233 6.4 )  150  0  -1   TRANSMISSION 

(  26.1281 10.6469 3.2 )  69  0  -1   TRANSMISSION 

(  29 10.5 1.5 )  34  -1  -1   RECEIVER 

6.60531
 1.43118 0.403574  -0.0281247 -0.00793079  6.19413 1.74667 
650.388
(  2 10.5 1.5 )  34  -1  -1   TRANSMITTER 

(  5.18131 10.1954 3.4 )  69  5  -1   TRANSMISSION 

(  10.5393 9.68241 6.6 )  150  5  -1   TRANSMISSION 

(  11.4 9.6 7.11404 )  188  4  3  9   DIFFRACTION 

(  15.5331 10.2341 9.6 )  229  0  -1   REFLECTION 

(  20.8534 11.0502 6.4 )  150  0  -1   TRANSMISSION 

(  23.1333 11.4 5.02865 )  116  1  -1   REFLECTION 

(  26.1736 10.9336 3.2 )  69  0  -1   TRANSMISSION 

(  29 10.5 1.5 )  34  -1  -1   RECEIVER 

6.60531
 1.43118 0.403574  0.0281247 0.00793079  6.19413 1.74667 
652.711
(  2 10.5 1.5 )  34  -1  -1   TRANSMITTER 

(  5.18131 10.8046 3.4 )  69  5  -1   TRANSMISSION 

(  10.5393 11.3176 6.6 )  150  5  -1   TRANSMISSION 

(  11.4 11.4 7.11404 )  195  3  1  10   DIFFRACTION 

(  15.5331 10.7659 9.6 )  229  0  -1   REFLECTION 

(  20.8534 9.94977 6.4 )  150  0  -1   TRANSMISSION 

(  23.1333 9.6 5.02865 )  105  4  -1   REFLECTION 

(  26.1736 10.0664 3.2 )  69  0  -1   TRANSMISSION 

(  29 10.5 1.5 )  34  -1  -1   RECEIVER 

