0.0988269
(  4.668 4.516 1.45 )  110  -1  -1   TRANSMITTER 

(  14.774 4.026 1.58 )  110  0  -1   RECEIVER 

0.0832191
(  4.668 4.516 1.45 )  110  -1  -1   TRANSMITTER 

(  9.5042 4.28151 1.11022e-16 )  0  5  -1   REFLECTION 

(  14.774 4.026 1.58 )  110  -1  -1   RECEIVER 

0.0895281
(  4.668 4.516 1.45 )  110  -1  -1   TRANSMITTER 

(  5.8864 3.667 1.46567 )  90  1  -1   TRANSMISSION 

(  7.493 2.5475 1.48634 )  29  2  -1   TRANSMISSION 

(  10.0726 0.75 1.51952 )  10  4  -1   REFLECTION 

(  11.919 2.0366 1.54327 )  30  2  -1   TRANSMISSION 

(  14.4023 3.767 1.57522 )  94  4  -1   TRANSMISSION 

(  14.774 4.026 1.58 )  110  -1  -1   RECEIVER 

0.0831724
(  4.668 4.516 1.45 )  110  -1  -1   TRANSMITTER 

(  3.118 4.47653 1.46047 )  26  3  -1   TRANSMISSION 

(  0.1 4.39968 1.48086 )  24  2  -1   REFLECTION 

(  3.318 4.31773 1.5026 )  26  2  -1   TRANSMISSION 

(  14.774 4.026 1.58 )  110  -1  -1   RECEIVER 

0.0700713
(  4.668 4.516 1.45 )  110  -1  -1   TRANSMITTER 

(  3.318 4.46434 1.4637 )  26  2  -1   REFLECTION 

(  14.774 4.026 1.58 )  110  -1  -1   RECEIVER 

0.0829791
(  4.668 4.516 1.45 )  110  -1  -1   TRANSMITTER 

(  16.194 4.07975 1.56574 )  32  3  -1   REFLECTION 

(  14.774 4.026 1.58 )  110  -1  -1   RECEIVER 

0.0894773
(  4.668 4.516 1.45 )  110  -1  -1   TRANSMITTER 

(  16.294 4.20939 1.53134 )  32  2  -1   TRANSMISSION 

(  19.011 4.13774 1.55035 )  34  3  -1   REFLECTION 

(  16.194 4.06345 1.57006 )  32  3  -1   TRANSMISSION 

(  14.774 4.026 1.58 )  110  -1  -1   RECEIVER 

0.0703678
(  4.668 4.516 1.45 )  110  -1  -1   TRANSMITTER 

(  12.1773 3.767 1.5466 )  44  4  -1   REFLECTION 

(  14.774 4.026 1.58 )  110  -1  -1   RECEIVER 

0.107775
(  4.668 4.516 1.45 )  110  -1  -1   TRANSMITTER 

(  8.42468 5.226 1.49832 )  41  1  -1   REFLECTION 

(  14.774 4.026 1.58 )  110  -1  -1   RECEIVER 

0.106959
(  4.668 4.516 1.45 )  110  -1  -1   TRANSMITTER 

(  5.68538 5.326 1.46309 )  38  4  -1   TRANSMISSION 

(  7.493 6.76515 1.48634 )  57  2  -1   TRANSMISSION 

(  9.41327 8.294 1.51104 )  70  1  -1   REFLECTION 

(  11.919 6.29904 1.54327 )  58  2  -1   TRANSMISSION 

(  13.2668 5.226 1.56061 )  45  1  -1   TRANSMISSION 

(  14.774 4.026 1.58 )  110  -1  -1   RECEIVER 

0.111992
(  4.668 4.516 1.45 )  110  -1  -1   TRANSMITTER 

(  10.0309 4.25598 2.575 )  116  0  -1   REFLECTION 

(  14.774 4.026 1.58 )  110  -1  -1   RECEIVER 

0.110653
(  4.668 4.516 1.45 )  110  -1  -1   TRANSMITTER 

(  5.8864 3.667 1.0847 )  90  1  -1   TRANSMISSION 

(  7.493 2.5475 0.603003 )  29  2  -1   TRANSMISSION 

(  9.5042 1.14607 -2.77556e-17 )  0  5  -1   REFLECTION 

(  10.0726 0.75 0.170417 )  10  4  -1   REFLECTION 

(  11.919 2.0366 0.724009 )  30  2  -1   TRANSMISSION 

(  14.4023 3.767 1.46856 )  94  4  -1   TRANSMISSION 

(  14.774 4.026 1.58 )  110  -1  -1   RECEIVER 

0.10923
(  4.668 4.516 1.45 )  110  -1  -1   TRANSMITTER 

(  10.8633 4.28151 -1.11022e-16 )  0  5  -1   REFLECTION 

(  16.194 4.07975 1.24765 )  32  3  -1   REFLECTION 

(  14.774 4.026 1.58 )  110  -1  -1   RECEIVER 

0.105289
(  4.668 4.516 1.45 )  110  -1  -1   TRANSMITTER 

(  13.5594 4.28151 -5.55112e-17 )  0  5  -1   REFLECTION 

(  16.294 4.20939 0.445952 )  32  2  -1   TRANSMISSION 

(  19.011 4.13774 0.889036 )  34  3  -1   REFLECTION 

(  16.194 4.06345 1.34843 )  32  3  -1   TRANSMISSION 

(  14.774 4.026 1.58 )  110  -1  -1   RECEIVER 

0.115619
(  4.668 4.516 1.45 )  110  -1  -1   TRANSMITTER 

(  9.5042 4.03362 1.11022e-16 )  0  5  -1   REFLECTION 

(  12.1773 3.767 0.801458 )  44  4  -1   REFLECTION 

(  14.774 4.026 1.58 )  110  -1  -1   RECEIVER 

0.115345
(  4.668 4.516 1.45 )  110  -1  -1   TRANSMITTER 

(  7.58706 4.37447 1.11022e-16 )  0  5  -1   REFLECTION 

(  12.7709 4.12312 2.575 )  116  0  -1   REFLECTION 

(  14.774 4.026 1.58 )  110  -1  -1   RECEIVER 

0.115865
(  4.668 4.516 1.45 )  110  -1  -1   TRANSMITTER 

(  6.2288 3.667 1.46567 )  40  1  -1   TRANSMISSION 

(  7.493 2.97934 1.47837 )  29  2  -1   TRANSMISSION 

(  11.5914 0.75 1.51952 )  13  4  -1   REFLECTION 

(  11.919 0.928195 1.52281 )  30  2  -1   TRANSMISSION 

(  16.194 3.25359 1.56574 )  31  3  -1   REFLECTION 

(  15.2501 3.767 1.57522 )  48  4  -1   TRANSMISSION 

(  14.774 4.026 1.58 )  110  -1  -1   RECEIVER 

0.113956
(  4.668 4.516 1.45 )  110  -1  -1   TRANSMITTER 

(  5.57671 3.667 1.46169 )  90  1  -1   TRANSMISSION 

(  7.493 1.87661 1.48634 )  29  2  -1   TRANSMISSION 

(  8.69884 0.75 1.50185 )  85  4  -1   REFLECTION 

(  11.821 3.667 1.54201 )  30  4  -1   TRANSMISSION 

(  11.928 3.767 1.54339 )  44  4  -1   TRANSMISSION 

(  13.4896 5.226 1.56348 )  45  1  -1   REFLECTION 

(  14.774 4.026 1.58 )  110  -1  -1   RECEIVER 

0.120732
(  4.668 4.516 1.45 )  110  -1  -1   TRANSMITTER 

(  3.118 4.47653 1.20592 )  26  3  -1   TRANSMISSION 

(  0.1 4.39968 0.730686 )  24  2  -1   REFLECTION 

(  3.318 4.31773 0.223954 )  26  2  -1   TRANSMISSION 

(  4.74022 4.28151 1.11022e-16 )  0  5  -1   REFLECTION 

(  14.774 4.026 1.58 )  110  -1  -1   RECEIVER 

0.120335
(  4.668 4.516 1.45 )  110  -1  -1   TRANSMITTER 

(  3.118 4.48161 1.45913 )  26  3  -1   TRANSMISSION 

(  0.1 4.41464 1.47689 )  24  2  -1   REFLECTION 

(  3.318 4.34323 1.49584 )  26  2  -1   TRANSMISSION 

(  16.194 4.05751 1.57164 )  32  3  -1   REFLECTION 

(  14.774 4.026 1.58 )  110  -1  -1   RECEIVER 

0.121769
(  4.668 4.516 1.45 )  110  -1  -1   TRANSMITTER 

(  3.118 4.4886 1.45727 )  26  3  -1   TRANSMISSION 

(  0.1 4.43524 1.47143 )  24  2  -1   REFLECTION 

(  3.318 4.37835 1.48652 )  26  2  -1   TRANSMISSION 

(  16.294 4.14894 1.54738 )  32  2  -1   TRANSMISSION 

(  19.011 4.10091 1.56013 )  34  3  -1   REFLECTION 

(  16.194 4.0511 1.57334 )  32  3  -1   TRANSMISSION 

(  14.774 4.026 1.58 )  110  -1  -1   RECEIVER 

0.115818
(  4.668 4.516 1.45 )  110  -1  -1   TRANSMITTER 

(  3.118 4.4348 1.46047 )  26  3  -1   TRANSMISSION 

(  0.1 4.2767 1.48086 )  24  2  -1   REFLECTION 

(  3.318 4.10813 1.5026 )  26  2  -1   TRANSMISSION 

(  9.82987 3.767 1.5466 )  92  4  -1   REFLECTION 

(  14.774 4.026 1.58 )  110  -1  -1   RECEIVER 

0.115813
(  4.668 4.516 1.45 )  110  -1  -1   TRANSMITTER 

(  3.118 5.16413 1.46047 )  28  3  -1   TRANSMISSION 

(  0.1 6.4261 1.48086 )  24  2  -1   REFLECTION 

(  3.318 7.7717 1.5026 )  28  2  -1   TRANSMISSION 

(  4.56708 8.294 1.51104 )  97  1  -1   REFLECTION 

(  7.493 7.07053 1.53081 )  57  2  -1   TRANSMISSION 

(  11.9042 5.226 1.56061 )  45  1  -1   TRANSMISSION 

(  14.774 4.026 1.58 )  110  -1  -1   RECEIVER 

0.119557
(  4.668 4.516 1.45 )  110  -1  -1   TRANSMITTER 

(  3.118 4.47653 1.62077 )  26  3  -1   TRANSMISSION 

(  0.1 4.39968 1.95328 )  24  2  -1   REFLECTION 

(  3.318 4.31773 2.30783 )  27  2  -1   TRANSMISSION 

(  5.74297 4.25598 2.575 )  116  0  -1   REFLECTION 

(  14.774 4.026 1.58 )  110  -1  -1   RECEIVER 

0.121144
(  4.668 4.516 1.45 )  110  -1  -1   TRANSMITTER 

(  3.318 4.46434 1.13058 )  26  2  -1   REFLECTION 

(  8.09628 4.28151 1.11022e-16 )  0  5  -1   REFLECTION 

(  14.774 4.026 1.58 )  110  -1  -1   RECEIVER 

0.120216
(  4.668 4.516 1.45 )  110  -1  -1   TRANSMITTER 

(  3.318 3.77364 1.4637 )  25  2  -1   REFLECTION 

(  3.51192 3.667 1.46567 )  36  1  -1   TRANSMISSION 

(  7.493 1.47781 1.50609 )  29  2  -1   TRANSMISSION 

(  8.81654 0.75 1.51952 )  85  4  -1   REFLECTION 

(  11.919 2.45604 1.55102 )  30  2  -1   TRANSMISSION 

(  14.303 3.767 1.57522 )  94  4  -1   TRANSMISSION 

(  14.774 4.026 1.58 )  110  -1  -1   RECEIVER 

0.117541
(  4.668 4.516 1.45 )  110  -1  -1   TRANSMITTER 

(  3.318 4.47372 1.46122 )  26  2  -1   REFLECTION 

(  16.194 4.07047 1.5682 )  32  3  -1   REFLECTION 

(  14.774 4.026 1.58 )  110  -1  -1   RECEIVER 

0.116622
(  4.668 4.516 1.45 )  110  -1  -1   TRANSMITTER 

(  3.318 4.48491 1.45825 )  26  2  -1   REFLECTION 

(  16.294 4.18613 1.53752 )  32  2  -1   TRANSMISSION 

(  19.011 4.12356 1.55412 )  34  3  -1   REFLECTION 

(  16.194 4.0587 1.57133 )  32  3  -1   TRANSMISSION 

(  14.774 4.026 1.58 )  110  -1  -1   RECEIVER 

0.124868
(  4.668 4.516 1.45 )  110  -1  -1   TRANSMITTER 

(  3.318 4.40974 1.4637 )  26  2  -1   REFLECTION 

(  11.4836 3.767 1.5466 )  44  4  -1   REFLECTION 

(  14.774 4.026 1.58 )  110  -1  -1   RECEIVER 

0.11147
(  4.668 4.516 1.45 )  110  -1  -1   TRANSMITTER 

(  3.318 4.71735 1.4637 )  26  2  -1   REFLECTION 

(  6.72835 5.226 1.49832 )  41  1  -1   REFLECTION 

(  14.774 4.026 1.58 )  110  -1  -1   RECEIVER 

0.111109
(  4.668 4.516 1.45 )  110  -1  -1   TRANSMITTER 

(  3.37881 5.326 1.46309 )  37  4  -1   TRANSMISSION 

(  3.318 5.3642 1.4637 )  28  2  -1   REFLECTION 

(  7.493 7.98735 1.50609 )  57  2  -1   TRANSMISSION 

(  7.98106 8.294 1.51104 )  99  1  -1   REFLECTION 

(  11.919 5.81979 1.55102 )  58  2  -1   TRANSMISSION 

(  12.8641 5.226 1.56061 )  45  1  -1   TRANSMISSION 

(  14.774 4.026 1.58 )  110  -1  -1   RECEIVER 

0.107377
(  4.668 4.516 1.45 )  110  -1  -1   TRANSMITTER 

(  3.318 4.46434 1.67349 )  26  2  -1   REFLECTION 

(  8.76364 4.25598 2.575 )  116  0  -1   REFLECTION 

(  14.774 4.026 1.58 )  110  -1  -1   RECEIVER 

0.108547
(  4.668 4.516 1.45 )  110  -1  -1   TRANSMITTER 

(  16.194 4.38246 1.48543 )  32  3  -1   REFLECTION 

(  3.118 4.23097 1.52562 )  26  3  -1   TRANSMISSION 

(  0.1 4.19601 1.5349 )  24  2  -1   REFLECTION 

(  3.318 4.15872 1.54479 )  26  2  -1   TRANSMISSION 

(  14.774 4.026 1.58 )  110  -1  -1   RECEIVER 

0.109568
(  4.668 4.516 1.45 )  110  -1  -1   TRANSMITTER 

(  16.194 4.3585 1.49179 )  32  3  -1   REFLECTION 

(  3.318 4.18255 1.53847 )  26  2  -1   REFLECTION 

(  14.774 4.026 1.58 )  110  -1  -1   RECEIVER 

0.109563
(  4.668 4.516 1.45 )  110  -1  -1   TRANSMITTER 

(  16.294 4.39714 1.48153 )  32  2  -1   TRANSMISSION 

(  19.011 4.36936 1.4889 )  34  3  -1   REFLECTION 

(  16.194 4.34056 1.49654 )  32  3  -1   TRANSMISSION 

(  3.118 4.20688 1.53201 )  26  3  -1   TRANSMISSION 

(  0.1 4.17602 1.5402 )  24  2  -1   REFLECTION 

(  3.318 4.14312 1.54893 )  26  2  -1   TRANSMISSION 

(  14.774 4.026 1.58 )  110  -1  -1   RECEIVER 

0.110396
(  4.668 4.516 1.45 )  110  -1  -1   TRANSMITTER 

(  16.294 4.3787 1.48643 )  32  2  -1   TRANSMISSION 

(  19.011 4.34662 1.49494 )  34  3  -1   REFLECTION 

(  16.194 4.31335 1.50376 )  32  3  -1   TRANSMISSION 

(  3.318 4.16129 1.54411 )  26  2  -1   REFLECTION 

(  14.774 4.026 1.58 )  110  -1  -1   RECEIVER 

0.100137
(  4.668 4.516 1.45 )  110  -1  -1   TRANSMITTER 

(  14.2876 3.767 1.5466 )  94  4  -1   REFLECTION 

(  16.194 3.91544 1.56574 )  32  3  -1   REFLECTION 

(  14.774 4.026 1.58 )  110  -1  -1   RECEIVER 

0.0989078
(  4.668 4.516 1.45 )  110  -1  -1   TRANSMITTER 

(  16.294 3.88527 1.53134 )  32  2  -1   TRANSMISSION 

(  18.474 3.767 1.5466 )  55  4  -1   REFLECTION 

(  19.011 3.79613 1.55035 )  34  3  -1   REFLECTION 

(  16.194 3.94896 1.57006 )  32  3  -1   TRANSMISSION 

(  14.774 4.026 1.58 )  110  -1  -1   RECEIVER 

0.139235
(  4.668 4.516 1.45 )  110  -1  -1   TRANSMITTER 

(  6.88907 3.767 1.47857 )  40  4  -1   REFLECTION 

(  11.2155 5.226 1.53423 )  45  1  -1   REFLECTION 

(  14.774 4.026 1.58 )  110  -1  -1   RECEIVER 

0.139084
(  4.668 4.516 1.45 )  110  -1  -1   TRANSMITTER 

(  5.4611 3.767 1.4602 )  90  4  -1   REFLECTION 

(  7.11191 5.326 1.48144 )  41  4  -1   TRANSMISSION 

(  7.493 5.6859 1.48634 )  57  2  -1   TRANSMISSION 

(  10.2547 8.294 1.52187 )  70  1  -1   REFLECTION 

(  11.919 6.72223 1.54327 )  58  2  -1   TRANSMISSION 

(  13.5033 5.226 1.56365 )  45  1  -1   TRANSMISSION 

(  14.774 4.026 1.58 )  110  -1  -1   RECEIVER 

0.12587
(  4.668 4.516 1.45 )  110  -1  -1   TRANSMITTER 

(  8.42468 5.226 0.323665 )  41  1  -1   REFLECTION 

(  9.5042 5.02197 1.11022e-16 )  0  5  -1   REFLECTION 

(  14.774 4.026 1.58 )  110  -1  -1   RECEIVER 

0.125788
(  4.668 4.516 1.45 )  110  -1  -1   TRANSMITTER 

(  5.51594 5.226 1.46091 )  38  1  -1   REFLECTION 

(  7.37782 3.667 1.48486 )  40  1  -1   TRANSMISSION 

(  7.493 3.57056 1.48634 )  29  2  -1   TRANSMISSION 

(  10.8615 0.75 1.52967 )  86  4  -1   REFLECTION 

(  11.919 1.63544 1.54327 )  30  2  -1   TRANSMISSION 

(  14.4647 3.767 1.57602 )  94  4  -1   TRANSMISSION 

(  14.774 4.026 1.58 )  110  -1  -1   RECEIVER 

0.138032
(  4.668 4.516 1.45 )  110  -1  -1   TRANSMITTER 

(  9.48039 5.226 1.49832 )  93  1  -1   REFLECTION 

(  16.194 4.2355 1.56574 )  32  3  -1   REFLECTION 

(  14.774 4.026 1.58 )  110  -1  -1   RECEIVER 

0.146666
(  4.668 4.516 1.45 )  110  -1  -1   TRANSMITTER 

(  11.5747 5.226 1.49832 )  45  1  -1   REFLECTION 

(  16.294 4.74086 1.53134 )  32  2  -1   TRANSMISSION 

(  19.011 4.46156 1.55035 )  34  3  -1   REFLECTION 

(  16.194 4.17197 1.57006 )  32  3  -1   TRANSMISSION 

(  14.774 4.026 1.58 )  110  -1  -1   RECEIVER 

0.194887
(  4.668 4.516 1.45 )  110  -1  -1   TRANSMITTER 

(  7.62321 5.226 1.48801 )  41  1  -1   REFLECTION 

(  13.696 3.767 1.56613 )  94  4  -1   REFLECTION 

(  14.774 4.026 1.58 )  110  -1  -1   RECEIVER 

0.212606
(  4.668 4.516 1.45 )  110  -1  -1   TRANSMITTER 

(  8.42468 5.226 2.23806 )  41  1  -1   REFLECTION 

(  10.0309 4.92244 2.575 )  116  0  -1   REFLECTION 

(  14.774 4.026 1.58 )  110  -1  -1   RECEIVER 

0.211183
(  4.668 4.516 1.45 )  110  -1  -1   TRANSMITTER 

(  5.68538 5.326 1.14497 )  38  4  -1   TRANSMISSION 

(  7.493 6.76515 0.603003 )  57  2  -1   TRANSMISSION 

(  9.41327 8.294 0.0272632 )  70  1  -1   REFLECTION 

(  9.5042 8.2216 -5.55112e-17 )  0  5  -1   REFLECTION 

(  11.919 6.29904 0.724009 )  58  2  -1   TRANSMISSION 

(  13.2668 5.226 1.1281 )  45  1  -1   TRANSMISSION 

(  14.774 4.026 1.58 )  110  -1  -1   RECEIVER 

0.212844
(  4.668 4.516 1.45 )  110  -1  -1   TRANSMITTER 

(  5.62385 5.326 1.4623 )  38  4  -1   TRANSMISSION 

(  7.493 6.90995 1.48634 )  57  2  -1   TRANSMISSION 

(  9.12625 8.294 1.50735 )  70  1  -1   REFLECTION 

(  11.919 5.92738 1.54327 )  58  2  -1   TRANSMISSION 

(  12.7467 5.226 1.55392 )  45  1  -1   TRANSMISSION 

(  14.4684 3.767 1.57607 )  94  4  -1   REFLECTION 

(  14.774 4.026 1.58 )  110  -1  -1   RECEIVER 

0.214876
(  4.668 4.516 1.45 )  110  -1  -1   TRANSMITTER 

(  5.68538 5.326 1.66342 )  38  4  -1   TRANSMISSION 

(  7.493 6.76515 2.04262 )  57  2  -1   TRANSMISSION 

(  9.41327 8.294 2.44545 )  70  1  -1   REFLECTION 

(  10.0309 7.80231 2.575 )  116  0  -1   REFLECTION 

(  11.919 6.29904 2.17891 )  58  2  -1   TRANSMISSION 

(  13.2668 5.226 1.89618 )  45  1  -1   TRANSMISSION 

(  14.774 4.026 1.58 )  110  -1  -1   RECEIVER 

0.214838
(  4.668 4.516 1.45 )  110  -1  -1   TRANSMITTER 

(  6.82127 4.4116 2.575 )  116  0  -1   REFLECTION 

(  11.7499 4.17263 -2.22045e-16 )  0  5  -1   REFLECTION 

(  14.774 4.026 1.58 )  110  -1  -1   RECEIVER 

0.215794
(  4.668 4.516 1.45 )  110  -1  -1   TRANSMITTER 

(  5.8864 3.667 1.70559 )  90  1  -1   TRANSMISSION 

(  7.493 2.5475 2.04262 )  29  2  -1   TRANSMISSION 

(  10.0309 0.77909 2.575 )  116  0  -1   REFLECTION 

(  10.0726 0.75 2.56624 )  10  4  -1   REFLECTION 

(  11.919 2.0366 2.17891 )  30  2  -1   TRANSMISSION 

(  14.4023 3.767 1.65797 )  94  4  -1   TRANSMISSION 

(  14.774 4.026 1.58 )  110  -1  -1   RECEIVER 

0.219667
(  4.668 4.516 1.45 )  110  -1  -1   TRANSMITTER 

(  11.5379 4.25598 2.575 )  116  0  -1   REFLECTION 

(  16.194 4.07975 1.81254 )  32  3  -1   REFLECTION 

(  14.774 4.026 1.58 )  110  -1  -1   RECEIVER 

0.219407
(  4.668 4.516 1.45 )  110  -1  -1   TRANSMITTER 

(  14.5277 4.25598 2.575 )  116  0  -1   REFLECTION 

(  16.294 4.20939 2.37346 )  33  2  -1   TRANSMISSION 

(  19.011 4.13774 2.06345 )  34  3  -1   REFLECTION 

(  16.194 4.06345 1.74202 )  32  3  -1   TRANSMISSION 

(  14.774 4.026 1.58 )  110  -1  -1   RECEIVER 

0.191828
(  4.668 4.516 1.45 )  110  -1  -1   TRANSMITTER 

(  10.0309 3.98109 2.575 )  116  0  -1   REFLECTION 

(  12.1773 3.767 2.12472 )  44  4  -1   REFLECTION 

(  14.774 4.026 1.58 )  110  -1  -1   RECEIVER 

0.191933
(  4.668 4.516 1.45 )  110  -1  -1   TRANSMITTER 

(  6.2288 3.667 1.0847 )  40  1  -1   TRANSMISSION 

(  7.493 2.97934 0.788811 )  29  2  -1   TRANSMISSION 

(  10.8633 1.14607 2.77556e-17 )  0  5  -1   REFLECTION 

(  11.5914 0.75 0.170417 )  13  4  -1   REFLECTION 

(  11.919 0.928195 0.24709 )  30  2  -1   TRANSMISSION 

(  16.194 3.25359 1.24765 )  31  3  -1   REFLECTION 

(  15.2501 3.767 1.46856 )  48  4  -1   TRANSMISSION 

(  14.774 4.026 1.58 )  110  -1  -1   RECEIVER 

0.191941
(  4.668 4.516 1.45 )  110  -1  -1   TRANSMITTER 

(  5.8864 3.667 0.844777 )  90  1  -1   TRANSMISSION 

(  7.493 2.5475 0.0467247 )  29  2  -1   TRANSMISSION 

(  7.58706 2.48196 1.11022e-16 )  0  5  -1   REFLECTION 

(  10.0726 0.75 1.23465 )  10  4  -1   REFLECTION 

(  11.919 2.0366 2.15182 )  30  2  -1   TRANSMISSION 

(  12.7709 2.63023 2.575 )  116  0  -1   REFLECTION 

(  14.4023 3.767 1.76463 )  94  4  -1   TRANSMISSION 

(  14.774 4.026 1.58 )  110  -1  -1   RECEIVER 

0.192256
(  4.668 4.516 1.45 )  110  -1  -1   TRANSMITTER 

(  10.0347 4.37447 0 )  0  5  -1   REFLECTION 

(  16.294 4.20939 1.69115 )  32  2  -1   TRANSMISSION 

(  19.011 4.13774 2.42523 )  34  3  -1   REFLECTION 

(  18.4567 4.12312 2.575 )  116  0  -1   REFLECTION 

(  16.194 4.06345 1.96366 )  32  3  -1   TRANSMISSION 

(  14.774 4.026 1.58 )  110  -1  -1   RECEIVER 

0.191061
(  4.668 4.516 1.45 )  110  -1  -1   TRANSMITTER 

(  10.8633 4.03362 -1.11022e-16 )  0  5  -1   REFLECTION 

(  14.2876 3.767 0.801458 )  94  4  -1   REFLECTION 

(  16.194 3.91544 1.24765 )  32  3  -1   REFLECTION 

(  14.774 4.026 1.58 )  110  -1  -1   RECEIVER 

0.193933
(  4.668 4.516 1.45 )  110  -1  -1   TRANSMITTER 

(  13.5594 4.03362 0 )  0  5  -1   REFLECTION 

(  16.294 3.88527 0.445952 )  32  2  -1   TRANSMISSION 

(  18.474 3.767 0.801458 )  55  4  -1   REFLECTION 

(  19.011 3.79613 0.889036 )  34  3  -1   REFLECTION 

(  16.194 3.94896 1.34843 )  32  3  -1   TRANSMISSION 

(  14.774 4.026 1.58 )  110  -1  -1   RECEIVER 

0.194245
(  4.668 4.516 1.45 )  110  -1  -1   TRANSMITTER 

(  7.58706 4.22484 2.22045e-16 )  0  5  -1   REFLECTION 

(  12.1773 3.767 2.28014 )  44  4  -1   REFLECTION 

(  12.7709 3.82621 2.575 )  116  0  -1   REFLECTION 

(  14.774 4.026 1.58 )  110  -1  -1   RECEIVER 

0.193995
(  4.668 4.516 1.45 )  110  -1  -1   TRANSMITTER 

(  7.58706 5.06769 5.55112e-17 )  0  5  -1   REFLECTION 

(  8.42468 5.226 0.416073 )  41  1  -1   REFLECTION 

(  12.7709 4.40458 2.575 )  116  0  -1   REFLECTION 

(  14.774 4.026 1.58 )  110  -1  -1   RECEIVER 

0.193977
(  4.668 4.516 1.45 )  110  -1  -1   TRANSMITTER 

(  5.68538 5.326 0.944631 )  38  4  -1   TRANSMISSION 

(  7.493 6.76515 0.0467247 )  57  2  -1   TRANSMISSION 

(  7.58706 6.84004 0 )  0  5  -1   REFLECTION 

(  9.41327 8.294 0.907141 )  70  1  -1   REFLECTION 

(  11.919 6.29904 2.15182 )  58  2  -1   TRANSMISSION 

(  12.7709 5.62077 2.575 )  116  0  -1   REFLECTION 

(  13.2668 5.226 2.3287 )  45  1  -1   TRANSMISSION 

(  14.774 4.026 1.58 )  110  -1  -1   RECEIVER 

0.193622
(  4.668 4.516 1.45 )  110  -1  -1   TRANSMITTER 

(  6.45941 4.42914 1.11022e-16 )  0  5  -1   REFLECTION 

(  9.6407 4.27489 2.575 )  116  0  -1   REFLECTION 

(  12.822 4.12065 0 )  0  5  -1   REFLECTION 

(  14.774 4.026 1.58 )  110  -1  -1   RECEIVER 

0.193427
(  4.668 4.516 1.45 )  110  -1  -1   TRANSMITTER 

(  8.40738 4.37447 1.11022e-16 )  0  5  -1   REFLECTION 

(  15.048 4.12312 2.575 )  116  0  -1   REFLECTION 

(  16.194 4.07975 2.13063 )  33  3  -1   REFLECTION 

(  14.774 4.026 1.58 )  110  -1  -1   RECEIVER 

0.19264
(  4.668 4.516 1.45 )  110  -1  -1   TRANSMITTER 

(  5.57671 3.667 1.17755 )  90  1  -1   TRANSMISSION 

(  7.493 1.87661 0.603003 )  29  2  -1   TRANSMISSION 

(  8.69884 0.75 0.241466 )  8  4  -1   REFLECTION 

(  9.5042 1.50245 0 )  0  5  -1   REFLECTION 

(  11.821 3.667 0.694619 )  30  4  -1   TRANSMISSION 

(  11.928 3.767 0.726709 )  44  4  -1   TRANSMISSION 

(  13.4896 5.226 1.19491 )  45  1  -1   REFLECTION 

(  14.774 4.026 1.58 )  110  -1  -1   RECEIVER 

0.192844
(  4.668 4.516 1.45 )  110  -1  -1   TRANSMITTER 

(  6.91721 3.667 1.46567 )  40  1  -1   TRANSMISSION 

(  7.493 3.44966 1.46969 )  29  2  -1   TRANSMISSION 

(  11.919 1.779 1.50053 )  30  2  -1   TRANSMISSION 

(  14.6451 0.75 1.51952 )  88  4  -1   REFLECTION 

(  16.194 1.33467 1.53032 )  31  3  -1   REFLECTION 

(  11.919 2.94834 1.56011 )  30  2  -1   REFLECTION 

(  14.0878 3.767 1.57522 )  94  4  -1   TRANSMISSION 

(  14.774 4.026 1.58 )  110  -1  -1   RECEIVER 

0.192837
(  4.668 4.516 1.45 )  110  -1  -1   TRANSMITTER 

(  5.33436 3.667 1.45857 )  90  1  -1   TRANSMISSION 

(  7.493 0.916683 1.48634 )  29  2  -1   TRANSMISSION 

(  7.62382 0.75 1.48802 )  7  4  -1   REFLECTION 

(  9.91329 3.667 1.51747 )  92  1  -1   REFLECTION 

(  11.919 1.11154 1.54327 )  30  2  -1   TRANSMISSION 

(  12.2028 0.75 1.54692 )  13  4  -1   REFLECTION 

(  14.5707 3.767 1.57739 )  94  4  -1   TRANSMISSION 

(  14.774 4.026 1.58 )  110  -1  -1   RECEIVER 

0.192155
(  4.668 4.516 1.45 )  110  -1  -1   TRANSMITTER 

(  5.83207 3.667 1.46169 )  90  1  -1   TRANSMISSION 

(  7.493 2.45562 1.47837 )  29  2  -1   TRANSMISSION 

(  9.83159 0.75 1.50185 )  10  4  -1   REFLECTION 

(  11.919 2.27242 1.52281 )  30  2  -1   TRANSMISSION 

(  13.9682 3.767 1.54339 )  94  4  -1   TRANSMISSION 

(  15.9687 5.226 1.56348 )  49  1  -1   REFLECTION 

(  16.194 5.06166 1.56574 )  32  3  -1   REFLECTION 

(  14.774 4.026 1.58 )  110  -1  -1   RECEIVER 

0.192486
(  4.668 4.516 1.45 )  110  -1  -1   TRANSMITTER 

(  5.52945 3.667 1.46108 )  90  1  -1   TRANSMISSION 

(  7.493 1.73181 1.48634 )  29  2  -1   TRANSMISSION 

(  8.4892 0.75 1.49915 )  85  4  -1   REFLECTION 

(  11.5504 3.767 1.53853 )  44  4  -1   TRANSMISSION 

(  13.0308 5.226 1.55758 )  45  1  -1   REFLECTION 

(  14.5112 3.767 1.57662 )  94  4  -1   REFLECTION 

(  14.774 4.026 1.58 )  110  -1  -1   RECEIVER 

0.19382
(  4.668 4.516 1.45 )  110  -1  -1   TRANSMITTER 

(  5.57671 3.667 1.64062 )  90  1  -1   TRANSMISSION 

(  7.493 1.87661 2.04262 )  29  2  -1   TRANSMISSION 

(  8.69884 0.75 2.29558 )  9  4  -1   REFLECTION 

(  10.0309 1.9945 2.575 )  116  0  -1   REFLECTION 

(  11.821 3.667 2.19947 )  30  4  -1   TRANSMISSION 

(  11.928 3.767 2.17702 )  44  4  -1   TRANSMISSION 

(  13.4896 5.226 1.84943 )  45  1  -1   REFLECTION 

(  14.774 4.026 1.58 )  110  -1  -1   RECEIVER 

0.192334
(  4.668 4.516 1.45 )  110  -1  -1   TRANSMITTER 

(  3.118 4.48161 1.23732 )  26  3  -1   TRANSMISSION 

(  0.1 4.41464 0.823198 )  24  2  -1   REFLECTION 

(  3.318 4.34323 0.381638 )  26  2  -1   TRANSMISSION 

(  6.09929 4.28151 -2.22045e-16 )  0  5  -1   REFLECTION 

(  16.194 4.05751 1.38515 )  32  3  -1   REFLECTION 

(  14.774 4.026 1.58 )  110  -1  -1   RECEIVER 

0.191139
(  4.668 4.516 1.45 )  110  -1  -1   TRANSMITTER 

(  3.118 4.4886 1.28055 )  26  3  -1   TRANSMISSION 

(  0.1 4.43524 0.950612 )  24  2  -1   REFLECTION 

(  3.318 4.37835 0.59881 )  26  2  -1   TRANSMISSION 

(  8.79543 4.28151 0 )  0  5  -1   REFLECTION 

(  16.294 4.14894 0.819767 )  32  2  -1   TRANSMISSION 

(  19.011 4.10091 1.1168 )  34  3  -1   REFLECTION 

(  16.194 4.0511 1.42476 )  32  3  -1   TRANSMISSION 

(  14.774 4.026 1.58 )  110  -1  -1   RECEIVER 

0.187533
(  4.668 4.516 1.45 )  110  -1  -1   TRANSMITTER 

(  3.118 4.4348 1.20592 )  26  3  -1   TRANSMISSION 

(  0.1 4.2767 0.730686 )  24  2  -1   REFLECTION 

(  3.318 4.10813 0.223954 )  26  2  -1   TRANSMISSION 

(  4.74022 4.03362 1.11022e-16 )  0  5  -1   REFLECTION 

(  9.82987 3.767 0.801458 )  92  4  -1   REFLECTION 

(  14.774 4.026 1.58 )  110  -1  -1   RECEIVER 

0.18674
(  4.668 4.516 1.45 )  110  -1  -1   TRANSMITTER 

(  3.118 4.47653 1.04562 )  26  3  -1   TRANSMISSION 

(  0.1 4.39968 0.258265 )  24  2  -1   REFLECTION 

(  1.08995 4.37447 0 )  0  5  -1   REFLECTION 

(  3.318 4.31773 0.581271 )  26  2  -1   TRANSMISSION 

(  10.9601 4.12312 2.575 )  116  0  -1   REFLECTION 

(  14.774 4.026 1.58 )  110  -1  -1   RECEIVER 

0.197179
(  4.668 4.516 1.45 )  110  -1  -1   TRANSMITTER 

(  3.118 4.20909 1.46047 )  26  3  -1   TRANSMISSION 

(  0.1 3.61152 1.48086 )  24  2  -1   REFLECTION 

(  0.329874 3.566 1.48241 )  23  4  -1   REFLECTION 

(  3.318 4.15766 1.5026 )  26  2  -1   TRANSMISSION 

(  8.71353 5.226 1.53906 )  41  1  -1   REFLECTION 

(  14.774 4.026 1.58 )  110  -1  -1   RECEIVER 

0.198002
(  4.668 4.516 1.45 )  110  -1  -1   TRANSMITTER 

(  3.118 4.48595 1.45797 )  26  3  -1   TRANSMISSION 

(  0.1 4.42745 1.47349 )  24  2  -1   REFLECTION 

(  3.118 4.36895 1.48901 )  26  3  -1   REFLECTION 

(  0.1 4.31045 1.50453 )  24  2  -1   REFLECTION 

(  3.318 4.24807 1.52108 )  26  2  -1   TRANSMISSION 

(  14.774 4.026 1.58 )  110  -1  -1   RECEIVER 

0.198253
(  4.668 4.516 1.45 )  110  -1  -1   TRANSMITTER 

(  3.118 4.50123 1.45392 )  26  3  -1   TRANSMISSION 

(  0.1 4.47248 1.46155 )  24  2  -1   REFLECTION 

(  3.318 4.44182 1.46968 )  26  2  -1   TRANSMISSION 

(  16.194 4.31914 1.50223 )  32  3  -1   REFLECTION 

(  3.118 4.19456 1.53528 )  26  3  -1   TRANSMISSION 

(  0.1 4.16581 1.54291 )  24  2  -1   REFLECTION 

(  3.318 4.13515 1.55104 )  26  2  -1   TRANSMISSION 

(  14.774 4.026 1.58 )  110  -1  -1   RECEIVER 

0.198139
(  4.668 4.516 1.45 )  110  -1  -1   TRANSMITTER 

(  3.118 4.49912 1.45448 )  26  3  -1   TRANSMISSION 

(  0.1 4.46625 1.4632 )  24  2  -1   REFLECTION 

(  3.318 4.43121 1.4725 )  26  2  -1   TRANSMISSION 

(  16.194 4.29098 1.5097 )  32  3  -1   REFLECTION 

(  3.318 4.15076 1.5469 )  26  2  -1   REFLECTION 

(  14.774 4.026 1.58 )  110  -1  -1   RECEIVER 

0.19823
(  4.668 4.516 1.45 )  110  -1  -1   TRANSMITTER 

(  3.118 4.501 1.45398 )  26  3  -1   TRANSMISSION 

(  0.1 4.47179 1.46173 )  24  2  -1   REFLECTION 

(  3.318 4.44064 1.46999 )  26  2  -1   TRANSMISSION 

(  16.294 4.31506 1.50331 )  32  2  -1   TRANSMISSION 

(  19.011 4.28876 1.51029 )  34  3  -1   REFLECTION 

(  16.194 4.2615 1.51752 )  32  3  -1   TRANSMISSION 

(  3.318 4.13688 1.55058 )  26  2  -1   REFLECTION 

(  14.774 4.026 1.58 )  110  -1  -1   RECEIVER 

0.19712
(  4.668 4.516 1.45 )  110  -1  -1   TRANSMITTER 

(  3.118 4.44525 1.45913 )  26  3  -1   TRANSMISSION 

(  0.1 4.30748 1.47689 )  24  2  -1   REFLECTION 

(  3.318 4.16058 1.49584 )  26  2  -1   TRANSMISSION 

(  11.9402 3.767 1.5466 )  44  4  -1   REFLECTION 

(  16.194 3.96118 1.57164 )  32  3  -1   REFLECTION 

(  14.774 4.026 1.58 )  110  -1  -1   RECEIVER 

0.196512
(  4.668 4.516 1.45 )  110  -1  -1   TRANSMITTER 

(  3.118 4.45963 1.45727 )  26  3  -1   TRANSMISSION 

(  0.1 4.34987 1.47143 )  24  2  -1   REFLECTION 

(  3.318 4.23283 1.48652 )  26  2  -1   TRANSMISSION 

(  16.1265 3.767 1.5466 )  48  4  -1   REFLECTION 

(  16.294 3.77309 1.54738 )  31  2  -1   TRANSMISSION 

(  19.011 3.87191 1.56013 )  34  3  -1   REFLECTION 

(  16.194 3.97436 1.57334 )  32  3  -1   TRANSMISSION 

(  14.774 4.026 1.58 )  110  -1  -1   RECEIVER 

0.197045
(  4.668 4.516 1.45 )  110  -1  -1   TRANSMITTER 

(  3.118 4.65007 1.45913 )  26  3  -1   TRANSMISSION 

(  0.1 4.91111 1.47689 )  24  2  -1   REFLECTION 

(  3.318 5.18946 1.49584 )  28  2  -1   TRANSMISSION 

(  3.74049 5.226 1.49832 )  37  1  -1   REFLECTION 

(  16.194 4.14882 1.57164 )  32  3  -1   REFLECTION 

(  14.774 4.026 1.58 )  110  -1  -1   RECEIVER 

0.195535
(  4.668 4.516 1.45 )  110  -1  -1   TRANSMITTER 

(  3.118 4.62282 1.45727 )  26  3  -1   TRANSMISSION 

(  0.1 4.8308 1.47143 )  24  2  -1   REFLECTION 

(  3.318 5.05256 1.48652 )  26  2  -1   TRANSMISSION 

(  5.83481 5.226 1.49832 )  38  1  -1   REFLECTION 

(  16.294 4.50522 1.54738 )  32  2  -1   TRANSMISSION 

(  19.011 4.31799 1.56013 )  34  3  -1   REFLECTION 

(  16.194 4.12386 1.57334 )  32  3  -1   TRANSMISSION 

(  14.774 4.026 1.58 )  110  -1  -1   RECEIVER 

0.195579
(  4.668 4.516 1.45 )  110  -1  -1   TRANSMITTER 

(  3.118 5.16413 1.20592 )  28  3  -1   TRANSMISSION 

(  0.1 6.4261 0.730686 )  24  2  -1   REFLECTION 

(  3.318 7.7717 0.223954 )  28  2  -1   TRANSMISSION 

(  4.56708 8.294 0.0272632 )  62  1  -1   REFLECTION 

(  4.74022 8.2216 0 )  0  5  -1   REFLECTION 

(  7.493 7.07053 0.433475 )  57  2  -1   TRANSMISSION 

(  11.9042 5.226 1.1281 )  45  1  -1   TRANSMISSION 

(  14.774 4.026 1.58 )  110  -1  -1   RECEIVER 

0.195534
(  4.668 4.516 1.45 )  110  -1  -1   TRANSMITTER 

(  3.118 5.20586 1.46047 )  28  3  -1   TRANSMISSION 

(  0.1 6.54907 1.48086 )  24  2  -1   REFLECTION 

(  3.318 7.9813 1.5026 )  28  2  -1   TRANSMISSION 

(  4.02059 8.294 1.50735 )  97  1  -1   REFLECTION 

(  7.493 6.74854 1.53081 )  57  2  -1   TRANSMISSION 

(  10.9139 5.226 1.55392 )  45  1  -1   TRANSMISSION 

(  14.1921 3.767 1.57607 )  94  4  -1   REFLECTION 

(  14.774 4.026 1.58 )  110  -1  -1   RECEIVER 

0.195501
(  4.668 4.516 1.45 )  110  -1  -1   TRANSMITTER 

(  3.118 5.16413 1.62077 )  28  3  -1   TRANSMISSION 

(  0.1 6.4261 1.95328 )  24  2  -1   REFLECTION 

(  3.318 7.7717 2.30783 )  28  2  -1   TRANSMISSION 

(  4.56708 8.294 2.44545 )  63  1  -1   REFLECTION 

(  5.74297 7.80231 2.575 )  116  0  -1   REFLECTION 

(  7.493 7.07053 2.38219 )  57  2  -1   TRANSMISSION 

(  11.9042 5.226 1.89618 )  45  1  -1   TRANSMISSION 

(  14.774 4.026 1.58 )  110  -1  -1   RECEIVER 

0.194752
(  4.668 4.516 1.45 )  110  -1  -1   TRANSMITTER 

(  3.118 4.48161 1.59881 )  26  3  -1   TRANSMISSION 

(  0.1 4.41464 1.88855 )  24  2  -1   REFLECTION 

(  3.318 4.34323 2.1975 )  27  2  -1   TRANSMISSION 

(  7.25004 4.25598 2.575 )  116  0  -1   REFLECTION 

(  16.194 4.05751 1.71633 )  32  3  -1   REFLECTION 

(  14.774 4.026 1.58 )  110  -1  -1   RECEIVER 

0.194452
(  4.668 4.516 1.45 )  110  -1  -1   TRANSMITTER 

(  3.118 4.4886 1.56856 )  26  3  -1   TRANSMISSION 

(  0.1 4.43524 1.79941 )  24  2  -1   REFLECTION 

(  3.318 4.37835 2.04555 )  27  2  -1   TRANSMISSION 

(  10.2398 4.25598 2.575 )  116  0  -1   REFLECTION 

(  16.294 4.14894 2.11191 )  33  2  -1   TRANSMISSION 

(  19.011 4.10091 1.90409 )  34  3  -1   REFLECTION 

(  16.194 4.0511 1.68862 )  32  3  -1   TRANSMISSION 

(  14.774 4.026 1.58 )  110  -1  -1   RECEIVER 

0.192113
(  4.668 4.516 1.45 )  110  -1  -1   TRANSMITTER 

(  3.118 4.4348 1.62077 )  26  3  -1   TRANSMISSION 

(  0.1 4.2767 1.95328 )  24  2  -1   REFLECTION 

(  3.318 4.10813 2.30783 )  27  2  -1   TRANSMISSION 

(  5.74297 3.98109 2.575 )  116  0  -1   REFLECTION 

(  9.82987 3.767 2.12472 )  42  4  -1   REFLECTION 

(  14.774 4.026 1.58 )  110  -1  -1   RECEIVER 

0.191887
(  4.668 4.516 1.45 )  110  -1  -1   TRANSMITTER 

(  3.318 3.77364 1.13058 )  25  2  -1   REFLECTION 

(  3.51192 3.667 1.0847 )  36  1  -1   TRANSMISSION 

(  7.493 1.47781 0.142742 )  29  2  -1   TRANSMISSION 

(  8.09628 1.14607 2.77556e-17 )  0  5  -1   REFLECTION 

(  8.81654 0.75 0.170417 )  8  4  -1   REFLECTION 

(  11.919 2.45604 0.904485 )  30  2  -1   TRANSMISSION 

(  14.303 3.767 1.46856 )  94  4  -1   TRANSMISSION 

(  14.774 4.026 1.58 )  110  -1  -1   RECEIVER 

0.190821
(  4.668 4.516 1.45 )  110  -1  -1   TRANSMITTER 

(  3.318 4.47372 1.18856 )  26  2  -1   REFLECTION 

(  9.45536 4.28151 0 )  0  5  -1   REFLECTION 

(  16.194 4.07047 1.305 )  32  3  -1   REFLECTION 

(  14.774 4.026 1.58 )  110  -1  -1   RECEIVER 

0.190028
(  4.668 4.516 1.45 )  110  -1  -1   TRANSMITTER 

(  3.318 4.48491 1.25778 )  26  2  -1   REFLECTION 

(  12.1515 4.28151 1.66533e-16 )  0  5  -1   REFLECTION 

(  16.294 4.18613 0.589839 )  32  2  -1   TRANSMISSION 

(  19.011 4.12356 0.976705 )  34  3  -1   REFLECTION 

(  16.194 4.0587 1.37781 )  32  3  -1   TRANSMISSION 

(  14.774 4.026 1.58 )  110  -1  -1   RECEIVER 

0.192293
(  4.668 4.516 1.45 )  110  -1  -1   TRANSMITTER 

(  3.318 4.40974 1.13058 )  26  2  -1   REFLECTION 

(  8.09628 4.03362 1.11022e-16 )  0  5  -1   REFLECTION 

(  11.4836 3.767 0.801458 )  44  4  -1   REFLECTION 

(  14.774 4.026 1.58 )  110  -1  -1   RECEIVER 

0.192258
(  4.668 4.516 1.45 )  110  -1  -1   TRANSMITTER 

(  3.318 4.46434 0.920795 )  26  2  -1   REFLECTION 

(  5.66694 4.37447 1.11022e-16 )  0  5  -1   REFLECTION 

(  12.2358 4.12312 2.575 )  116  0  -1   REFLECTION 

(  14.774 4.026 1.58 )  110  -1  -1   RECEIVER 

0.192254
(  4.668 4.516 1.45 )  110  -1  -1   TRANSMITTER 

(  3.318 3.90839 1.46122 )  26  2  -1   REFLECTION 

(  3.85432 3.667 1.46567 )  36  1  -1   TRANSMISSION 

(  7.493 2.02929 1.49591 )  29  2  -1   TRANSMISSION 

(  10.3353 0.75 1.51952 )  86  4  -1   REFLECTION 

(  11.919 1.46278 1.53268 )  30  2  -1   TRANSMISSION 

(  16.194 3.38688 1.5682 )  31  3  -1   REFLECTION 

(  15.3494 3.767 1.57522 )  48  4  -1   TRANSMISSION 

(  14.774 4.026 1.58 )  110  -1  -1   RECEIVER 

0.192825
(  4.668 4.516 1.45 )  110  -1  -1   TRANSMITTER 

(  3.51652 3.667 1.46169 )  36  1  -1   TRANSMISSION 

(  3.318 3.52063 1.4637 )  25  2  -1   REFLECTION 

(  7.07575 0.75 1.50185 )  7  4  -1   REFLECTION 

(  7.493 1.05764 1.50609 )  29  2  -1   TRANSMISSION 

(  11.1677 3.767 1.54339 )  44  4  -1   TRANSMISSION 

(  13.1465 5.226 1.56348 )  45  1  -1   REFLECTION 

(  14.774 4.026 1.58 )  110  -1  -1   RECEIVER 

0.192712
(  4.668 4.516 1.45 )  110  -1  -1   TRANSMITTER 

(  3.318 4.5013 1.4539 )  26  2  -1   REFLECTION 

(  16.194 4.36107 1.4911 )  32  3  -1   REFLECTION 

(  3.118 4.21867 1.52888 )  26  3  -1   TRANSMISSION 

(  0.1 4.1858 1.5376 )  24  2  -1   REFLECTION 

(  3.318 4.15076 1.5469 )  26  2  -1   TRANSMISSION 

(  14.774 4.026 1.58 )  110  -1  -1   RECEIVER 

0.192505
(  4.668 4.516 1.45 )  110  -1  -1   TRANSMITTER 

(  3.318 4.49884 1.45455 )  26  2  -1   REFLECTION 

(  16.194 4.33521 1.49796 )  32  3  -1   REFLECTION 

(  3.318 4.17158 1.54138 )  26  2  -1   REFLECTION 

(  14.774 4.026 1.58 )  110  -1  -1   RECEIVER 

0.192601
(  4.668 4.516 1.45 )  110  -1  -1   TRANSMITTER 

(  3.318 4.50293 1.45347 )  26  2  -1   REFLECTION 

(  16.294 4.37735 1.48679 )  32  2  -1   TRANSMISSION 

(  19.011 4.35105 1.49376 )  34  3  -1   REFLECTION 

(  16.194 4.32379 1.501 )  32  3  -1   TRANSMISSION 

(  3.118 4.19723 1.53457 )  26  3  -1   TRANSMISSION 

(  0.1 4.16802 1.54232 )  24  2  -1   REFLECTION 

(  3.318 4.13688 1.55058 )  26  2  -1   TRANSMISSION 

(  14.774 4.026 1.58 )  110  -1  -1   RECEIVER 

0.192493
(  4.668 4.516 1.45 )  110  -1  -1   TRANSMITTER 

(  3.318 4.50103 1.45397 )  26  2  -1   REFLECTION 

(  16.294 4.35715 1.49214 )  32  2  -1   TRANSMISSION 

(  19.011 4.32703 1.50014 )  34  3  -1   REFLECTION 

(  16.194 4.29579 1.50842 )  32  3  -1   TRANSMISSION 

(  3.318 4.15302 1.5463 )  26  2  -1   REFLECTION 

(  14.774 4.026 1.58 )  110  -1  -1   RECEIVER 

0.193853
(  4.668 4.516 1.45 )  110  -1  -1   TRANSMITTER 

(  3.318 4.42903 1.46122 )  26  2  -1   REFLECTION 

(  13.5938 3.767 1.5466 )  94  4  -1   REFLECTION 

(  16.194 3.93452 1.5682 )  32  3  -1   REFLECTION 

(  14.774 4.026 1.58 )  110  -1  -1   RECEIVER 

0.193135
(  4.668 4.516 1.45 )  110  -1  -1   TRANSMITTER 

(  3.318 4.45205 1.45825 )  26  2  -1   REFLECTION 

(  16.294 3.8374 1.53752 )  31  2  -1   TRANSMISSION 

(  17.7802 3.767 1.5466 )  96  4  -1   REFLECTION 

(  19.011 3.8253 1.55412 )  34  3  -1   REFLECTION 

(  16.194 3.95874 1.57133 )  32  3  -1   TRANSMISSION 

(  14.774 4.026 1.58 )  110  -1  -1   RECEIVER 

0.199366
(  4.668 4.516 1.45 )  110  -1  -1   TRANSMITTER 

(  3.318 4.15673 1.4637 )  26  2  -1   REFLECTION 

(  4.78246 3.767 1.47857 )  90  4  -1   REFLECTION 

(  10.2648 5.226 1.53423 )  93  1  -1   REFLECTION 

(  14.774 4.026 1.58 )  110  -1  -1   RECEIVER 

0.200391
(  4.668 4.516 1.45 )  110  -1  -1   TRANSMITTER 

(  3.318 4.71735 1.13058 )  26  2  -1   REFLECTION 

(  6.72835 5.226 0.323665 )  41  1  -1   REFLECTION 

(  8.09628 5.02197 1.11022e-16 )  0  5  -1   REFLECTION 

(  14.774 4.026 1.58 )  110  -1  -1   RECEIVER 

0.198203
(  4.668 4.516 1.45 )  110  -1  -1   TRANSMITTER 

(  3.318 4.6808 1.46122 )  26  2  -1   REFLECTION 

(  7.78405 5.226 1.49832 )  41  1  -1   REFLECTION 

(  16.194 4.19935 1.5682 )  32  3  -1   REFLECTION 

(  14.774 4.026 1.58 )  110  -1  -1   RECEIVER 

0.19671
(  4.668 4.516 1.45 )  110  -1  -1   TRANSMITTER 

(  3.318 4.63717 1.45825 )  26  2  -1   REFLECTION 

(  9.87837 5.226 1.49832 )  93  1  -1   REFLECTION 

(  16.294 4.65016 1.53752 )  32  2  -1   TRANSMISSION 

(  19.011 4.40629 1.55412 )  34  3  -1   REFLECTION 

(  16.194 4.15345 1.57133 )  32  3  -1   TRANSMISSION 

(  14.774 4.026 1.58 )  110  -1  -1   RECEIVER 

0.192267
(  4.668 4.516 1.45 )  110  -1  -1   TRANSMITTER 

(  3.318 4.77196 1.4637 )  26  2  -1   REFLECTION 

(  5.71275 5.226 1.48801 )  38  1  -1   REFLECTION 

(  13.408 3.767 1.56613 )  44  4  -1   REFLECTION 

(  14.774 4.026 1.58 )  110  -1  -1   RECEIVER 

0.19228
(  4.668 4.516 1.45 )  110  -1  -1   TRANSMITTER 

(  3.318 4.71735 1.67349 )  26  2  -1   REFLECTION 

(  6.72835 5.226 2.23806 )  41  1  -1   REFLECTION 

(  8.76364 4.92244 2.575 )  116  0  -1   REFLECTION 

(  14.774 4.026 1.58 )  110  -1  -1   RECEIVER 

0.192075
(  4.668 4.516 1.45 )  110  -1  -1   TRANSMITTER 

(  3.37881 5.326 1.14497 )  37  4  -1   TRANSMISSION 

(  3.318 5.3642 1.13058 )  28  2  -1   REFLECTION 

(  7.493 7.98735 0.142742 )  57  2  -1   TRANSMISSION 

(  7.98106 8.294 0.0272632 )  68  1  -1   REFLECTION 

(  8.09628 8.2216 0 )  0  5  -1   REFLECTION 

(  11.919 5.81979 0.904485 )  58  2  -1   TRANSMISSION 

(  12.8641 5.226 1.1281 )  45  1  -1   TRANSMISSION 

(  14.774 4.026 1.58 )  110  -1  -1   RECEIVER 

0.192207
(  4.668 4.516 1.45 )  110  -1  -1   TRANSMITTER 

(  3.318 5.21024 1.46122 )  28  2  -1   REFLECTION 

(  3.5431 5.326 1.46309 )  37  4  -1   TRANSMISSION 

(  7.493 7.35725 1.49591 )  57  2  -1   TRANSMISSION 

(  9.31458 8.294 1.51104 )  70  1  -1   REFLECTION 

(  11.919 6.95467 1.53268 )  58  2  -1   TRANSMISSION 

(  15.2805 5.226 1.56061 )  49  1  -1   TRANSMISSION 

(  16.194 4.75624 1.5682 )  32  3  -1   REFLECTION 

(  14.774 4.026 1.58 )  110  -1  -1   RECEIVER 

0.192417
(  4.668 4.516 1.45 )  110  -1  -1   TRANSMITTER 

(  3.45678 5.326 1.4623 )  37  4  -1   TRANSMISSION 

(  3.318 5.41881 1.4637 )  28  2  -1   REFLECTION 

(  7.493 8.21084 1.50609 )  57  2  -1   TRANSMISSION 

(  7.61735 8.294 1.50735 )  67  1  -1   REFLECTION 

(  11.919 5.41728 1.55102 )  58  2  -1   TRANSMISSION 

(  12.205 5.226 1.55392 )  45  1  -1   TRANSMISSION 

(  14.3867 3.767 1.57607 )  94  4  -1   REFLECTION 

(  14.774 4.026 1.58 )  110  -1  -1   RECEIVER 

0.192785
(  4.668 4.516 1.45 )  110  -1  -1   TRANSMITTER 

(  3.37881 5.326 1.66342 )  37  4  -1   TRANSMISSION 

(  3.318 5.3642 1.67349 )  28  2  -1   REFLECTION 

(  7.493 7.98735 2.36465 )  57  2  -1   TRANSMISSION 

(  7.98106 8.294 2.44545 )  69  1  -1   REFLECTION 

(  8.76364 7.80231 2.575 )  116  0  -1   REFLECTION 

(  11.919 5.81979 2.05264 )  58  2  -1   TRANSMISSION 

(  12.8641 5.226 1.89618 )  45  1  -1   TRANSMISSION 

(  14.774 4.026 1.58 )  110  -1  -1   RECEIVER 

0.192607
(  4.668 4.516 1.45 )  110  -1  -1   TRANSMITTER 

(  3.318 4.46434 2.00661 )  27  2  -1   REFLECTION 

(  4.69655 4.4116 2.575 )  116  0  -1   REFLECTION 

(  10.9419 4.17263 -2.22045e-16 )  0  5  -1   REFLECTION 

(  14.774 4.026 1.58 )  110  -1  -1   RECEIVER 

0.193087
(  4.668 4.516 1.45 )  110  -1  -1   TRANSMITTER 

(  3.318 3.77364 1.67349 )  25  2  -1   REFLECTION 

(  3.51192 3.667 1.70559 )  36  1  -1   TRANSMISSION 

(  7.493 1.47781 2.36465 )  29  2  -1   TRANSMISSION 

(  8.76364 0.77909 2.575 )  116  0  -1   REFLECTION 

(  8.81654 0.75 2.56624 )  9  4  -1   REFLECTION 

(  11.919 2.45604 2.05264 )  30  2  -1   TRANSMISSION 

(  14.303 3.767 1.65797 )  94  4  -1   TRANSMISSION 

(  14.774 4.026 1.58 )  110  -1  -1   RECEIVER 

0.194596
(  4.668 4.516 1.45 )  110  -1  -1   TRANSMITTER 

(  3.318 4.47372 1.63292 )  26  2  -1   REFLECTION 

(  10.2707 4.25598 2.575 )  116  0  -1   REFLECTION 

(  16.194 4.07047 1.77241 )  32  3  -1   REFLECTION 

(  14.774 4.026 1.58 )  110  -1  -1   RECEIVER 

0.194862
(  4.668 4.516 1.45 )  110  -1  -1   TRANSMITTER 

(  3.318 4.48491 1.58449 )  26  2  -1   REFLECTION 

(  13.2605 4.25598 2.575 )  116  0  -1   REFLECTION 

(  16.294 4.18613 2.27279 )  33  2  -1   TRANSMISSION 

(  19.011 4.12356 2.00211 )  34  3  -1   REFLECTION 

(  16.194 4.0587 1.72147 )  32  3  -1   TRANSMISSION 

(  14.774 4.026 1.58 )  110  -1  -1   RECEIVER 

0.195773
(  4.668 4.516 1.45 )  110  -1  -1   TRANSMITTER 

(  3.318 4.40974 1.67349 )  26  2  -1   REFLECTION 

(  8.76364 3.98109 2.575 )  116  0  -1   REFLECTION 

(  11.4836 3.767 2.12472 )  44  4  -1   REFLECTION 

(  14.774 4.026 1.58 )  110  -1  -1   RECEIVER 

0.195598
(  4.668 4.516 1.45 )  110  -1  -1   TRANSMITTER 

(  6.86899 3.667 1.46567 )  40  1  -1   TRANSMISSION 

(  7.393 3.46487 1.4694 )  29  3  -1   REFLECTION 

(  3.318 1.89299 1.49842 )  25  2  -1   REFLECTION 

(  6.28115 0.75 1.51952 )  84  4  -1   REFLECTION 

(  7.493 1.21745 1.52815 )  29  2  -1   TRANSMISSION 

(  11.919 2.92472 1.55967 )  30  2  -1   TRANSMISSION 

(  14.1026 3.767 1.57522 )  94  4  -1   TRANSMISSION 

(  14.774 4.026 1.58 )  110  -1  -1   RECEIVER 

0.195014
(  4.668 4.516 1.45 )  110  -1  -1   TRANSMITTER 

(  6.50585 5.326 1.46309 )  41  4  -1   TRANSMISSION 

(  7.393 5.71699 1.4694 )  57  3  -1   REFLECTION 

(  3.318 7.51298 1.49842 )  28  2  -1   REFLECTION 

(  5.09011 8.294 1.51104 )  64  1  -1   REFLECTION 

(  7.493 7.23497 1.52815 )  57  2  -1   TRANSMISSION 

(  11.8244 5.326 1.559 )  58  1  -1   TRANSMISSION 

(  12.0513 5.226 1.56061 )  45  1  -1   TRANSMISSION 

(  14.774 4.026 1.58 )  110  -1  -1   RECEIVER 

0.195107
(  4.668 4.516 1.45 )  110  -1  -1   TRANSMITTER 

(  6.92951 3.667 1.46567 )  40  1  -1   TRANSMISSION 

(  7.493 3.45546 1.46958 )  29  2  -1   TRANSMISSION 

(  11.819 1.83142 1.49956 )  30  3  -1   REFLECTION 

(  8.93839 0.75 1.51952 )  85  4  -1   REFLECTION 

(  7.493 1.29262 1.52954 )  29  2  -1   REFLECTION 

(  11.919 2.9542 1.56021 )  30  2  -1   TRANSMISSION 

(  14.0841 3.767 1.57522 )  94  4  -1   TRANSMISSION 

(  14.774 4.026 1.58 )  110  -1  -1   RECEIVER 

0.195178
(  4.668 4.516 1.45 )  110  -1  -1   TRANSMITTER 

(  6.55639 5.326 1.46309 )  41  4  -1   TRANSMISSION 

(  7.493 5.72775 1.46958 )  57  2  -1   TRANSMISSION 

(  11.819 7.58333 1.49956 )  58  3  -1   REFLECTION 

(  10.1622 8.294 1.51104 )  70  1  -1   REFLECTION 

(  7.493 7.14909 1.52954 )  57  2  -1   REFLECTION 

(  11.9764 5.226 1.56061 )  45  1  -1   TRANSMISSION 

(  14.774 4.026 1.58 )  110  -1  -1   RECEIVER 

0.194066
(  4.668 4.516 1.45 )  110  -1  -1   TRANSMITTER 

(  16.194 4.38246 0.624262 )  32  3  -1   REFLECTION 

(  7.4803 4.28151 0 )  0  5  -1   REFLECTION 

(  3.118 4.23097 0.312521 )  26  3  -1   TRANSMISSION 

(  0.1 4.19601 0.528735 )  24  2  -1   REFLECTION 

(  3.318 4.15872 0.759276 )  26  2  -1   TRANSMISSION 

(  14.774 4.026 1.58 )  110  -1  -1   RECEIVER 

0.193474
(  4.668 4.516 1.45 )  110  -1  -1   TRANSMITTER 

(  16.194 4.3585 0.476053 )  32  3  -1   REFLECTION 

(  10.5602 4.28151 -1.11022e-16 )  0  5  -1   REFLECTION 

(  3.318 4.18255 0.611968 )  26  2  -1   REFLECTION 

(  14.774 4.026 1.58 )  110  -1  -1   RECEIVER 

0.193643
(  4.668 4.516 1.45 )  110  -1  -1   TRANSMITTER 

(  16.194 4.39087 1.4832 )  32  3  -1   REFLECTION 

(  3.118 4.24891 1.52086 )  26  3  -1   TRANSMISSION 

(  0.1 4.21614 1.52955 )  24  2  -1   REFLECTION 

(  3.318 4.18121 1.53882 )  26  2  -1   TRANSMISSION 

(  16.194 4.04142 1.57591 )  32  3  -1   REFLECTION 

(  14.774 4.026 1.58 )  110  -1  -1   RECEIVER 

0.193602
(  4.668 4.516 1.45 )  110  -1  -1   TRANSMITTER 

(  16.194 4.40475 1.47951 )  32  3  -1   REFLECTION 

(  3.118 4.27855 1.513 )  26  3  -1   TRANSMISSION 

(  0.1 4.24942 1.52073 )  24  2  -1   REFLECTION 

(  3.318 4.21836 1.52897 )  26  2  -1   TRANSMISSION 

(  16.294 4.09312 1.56219 )  32  2  -1   TRANSMISSION 

(  19.011 4.06689 1.56915 )  34  3  -1   REFLECTION 

(  16.194 4.03971 1.57636 )  32  3  -1   TRANSMISSION 

(  14.774 4.026 1.58 )  110  -1  -1   RECEIVER 

0.194285
(  4.668 4.516 1.45 )  110  -1  -1   TRANSMITTER 

(  16.194 4.2413 1.48543 )  32  3  -1   REFLECTION 

(  3.118 3.92966 1.52562 )  26  3  -1   TRANSMISSION 

(  0.1 3.85773 1.5349 )  24  2  -1   REFLECTION 

(  3.318 3.78103 1.54479 )  25  2  -1   TRANSMISSION 

(  3.90679 3.767 1.5466 )  36  4  -1   REFLECTION 

(  14.774 4.026 1.58 )  110  -1  -1   RECEIVER 

0.194477
(  4.668 4.516 1.45 )  110  -1  -1   TRANSMITTER 

(  16.194 4.37006 1.48872 )  32  3  -1   REFLECTION 

(  3.318 4.20702 1.53197 )  26  2  -1   REFLECTION 

(  16.194 4.04398 1.57523 )  32  3  -1   REFLECTION 

(  14.774 4.026 1.58 )  110  -1  -1   RECEIVER 

0.194608
(  4.668 4.516 1.45 )  110  -1  -1   TRANSMITTER 

(  16.194 4.3886 1.4838 )  32  3  -1   REFLECTION 

(  3.318 4.24629 1.52156 )  26  2  -1   REFLECTION 

(  16.294 4.10286 1.55961 )  32  2  -1   TRANSMISSION 

(  19.011 4.07283 1.56758 )  34  3  -1   REFLECTION 

(  16.194 4.0417 1.57584 )  32  3  -1   TRANSMISSION 

(  14.774 4.026 1.58 )  110  -1  -1   RECEIVER 

0.193484
(  4.668 4.516 1.45 )  110  -1  -1   TRANSMITTER 

(  16.194 4.19199 1.49179 )  32  3  -1   REFLECTION 

(  3.318 3.83004 1.53847 )  26  2  -1   REFLECTION 

(  5.56049 3.767 1.5466 )  90  4  -1   REFLECTION 

(  14.774 4.026 1.58 )  110  -1  -1   RECEIVER 

0.193834
(  4.668 4.516 1.45 )  110  -1  -1   TRANSMITTER 

(  16.194 5.03651 1.48543 )  32  3  -1   REFLECTION 

(  11.9981 5.226 1.49832 )  45  1  -1   REFLECTION 

(  3.118 4.82497 1.52562 )  26  3  -1   TRANSMISSION 

(  0.1 4.68868 1.5349 )  24  2  -1   REFLECTION 

(  3.318 4.54335 1.54479 )  26  2  -1   TRANSMISSION 

(  14.774 4.026 1.58 )  110  -1  -1   RECEIVER 

0.192691
(  4.668 4.516 1.45 )  110  -1  -1   TRANSMITTER 

(  16.194 5.12994 1.49179 )  59  3  -1   REFLECTION 

(  14.3906 5.226 1.49832 )  95  1  -1   REFLECTION 

(  3.318 4.63621 1.53847 )  26  2  -1   REFLECTION 

(  14.774 4.026 1.58 )  110  -1  -1   RECEIVER 

0.193112
(  4.668 4.516 1.45 )  110  -1  -1   TRANSMITTER 

(  16.194 4.38246 2.02774 )  33  3  -1   REFLECTION 

(  5.27625 4.25598 2.575 )  116  0  -1   REFLECTION 

(  3.118 4.23097 2.46682 )  27  3  -1   TRANSMISSION 

(  0.1 4.19601 2.31554 )  24  2  -1   REFLECTION 

(  3.318 4.15872 2.15424 )  27  2  -1   TRANSMISSION 

(  14.774 4.026 1.58 )  110  -1  -1   RECEIVER 

0.193918
(  4.668 4.516 1.45 )  110  -1  -1   TRANSMITTER 

(  16.194 4.3585 2.13144 )  33  3  -1   REFLECTION 

(  8.69158 4.25598 2.575 )  116  0  -1   REFLECTION 

(  3.318 4.18255 2.2573 )  27  2  -1   REFLECTION 

(  14.774 4.026 1.58 )  110  -1  -1   RECEIVER 

0.193219
(  4.668 4.516 1.45 )  110  -1  -1   TRANSMITTER 

(  16.294 4.39714 0.715006 )  32  2  -1   TRANSMISSION 

(  19.011 4.36936 0.543238 )  34  3  -1   REFLECTION 

(  16.194 4.34056 0.365148 )  32  3  -1   TRANSMISSION 

(  10.4182 4.28151 -5.55112e-17 )  0  5  -1   REFLECTION 

(  3.118 4.20688 0.461515 )  26  3  -1   TRANSMISSION 

(  0.1 4.17602 0.652312 )  24  2  -1   REFLECTION 

(  3.318 4.14312 0.855754 )  26  2  -1   TRANSMISSION 

(  14.774 4.026 1.58 )  110  -1  -1   RECEIVER 

0.192588
(  4.668 4.516 1.45 )  110  -1  -1   TRANSMITTER 

(  16.294 4.3787 0.600998 )  32  2  -1   TRANSMISSION 

(  19.011 4.34662 0.402586 )  34  3  -1   REFLECTION 

(  16.194 4.31335 0.196872 )  32  3  -1   TRANSMISSION 

(  13.4981 4.28151 0 )  0  5  -1   REFLECTION 

(  3.318 4.16129 0.743413 )  26  2  -1   REFLECTION 

(  14.774 4.026 1.58 )  110  -1  -1   RECEIVER 

0.192546
(  4.668 4.516 1.45 )  110  -1  -1   TRANSMITTER 

(  16.294 4.40379 1.47977 )  32  2  -1   TRANSMISSION 

(  19.011 4.37756 1.48673 )  34  3  -1   REFLECTION 

(  16.194 4.35038 1.49394 )  32  3  -1   TRANSMISSION 

(  3.118 4.22417 1.52742 )  26  3  -1   TRANSMISSION 

(  0.1 4.19504 1.53515 )  24  2  -1   REFLECTION 

(  3.318 4.16398 1.54339 )  26  2  -1   TRANSMISSION 

(  16.194 4.03971 1.57636 )  32  3  -1   REFLECTION 

(  14.774 4.026 1.58 )  110  -1  -1   RECEIVER 

0.192678
(  4.668 4.516 1.45 )  110  -1  -1   TRANSMITTER 

(  16.294 4.3875 1.48409 )  32  2  -1   TRANSMISSION 

(  19.011 4.35747 1.49206 )  34  3  -1   REFLECTION 

(  16.194 4.32633 1.50032 )  32  3  -1   TRANSMISSION 

(  3.318 4.18401 1.53808 )  26  2  -1   REFLECTION 

(  16.194 4.0417 1.57584 )  32  3  -1   REFLECTION 

(  14.774 4.026 1.58 )  110  -1  -1   RECEIVER 

0.192692
(  4.668 4.516 1.45 )  110  -1  -1   TRANSMITTER 

(  16.294 4.40199 1.48025 )  32  2  -1   TRANSMISSION 

(  19.011 4.37534 1.48732 )  34  3  -1   REFLECTION 

(  16.194 4.34772 1.49465 )  32  3  -1   TRANSMISSION 

(  3.318 4.22145 1.52815 )  26  2  -1   REFLECTION 

(  16.294 4.0942 1.56191 )  32  2  -1   TRANSMISSION 

(  19.011 4.06755 1.56898 )  34  3  -1   REFLECTION 

(  16.194 4.03993 1.57631 )  32  3  -1   TRANSMISSION 

(  14.774 4.026 1.58 )  110  -1  -1   RECEIVER 

0.191846
(  4.668 4.516 1.45 )  110  -1  -1   TRANSMITTER 

(  16.294 4.23356 1.48643 )  32  2  -1   TRANSMISSION 

(  19.011 4.16755 1.49494 )  34  3  -1   REFLECTION 

(  16.194 4.09912 1.50376 )  32  3  -1   TRANSMISSION 

(  3.318 3.78631 1.54411 )  25  2  -1   REFLECTION 

(  4.11286 3.767 1.5466 )  36  4  -1   REFLECTION 

(  14.774 4.026 1.58 )  110  -1  -1   RECEIVER 

0.191714
(  4.668 4.516 1.45 )  110  -1  -1   TRANSMITTER 

(  16.294 4.27877 1.51294 )  32  2  -1   TRANSMISSION 

(  19.011 4.22333 1.52765 )  34  3  -1   REFLECTION 

(  16.294 4.16789 1.54235 )  32  2  -1   REFLECTION 

(  19.011 4.11245 1.55706 )  34  3  -1   REFLECTION 

(  16.194 4.05497 1.57231 )  32  3  -1   TRANSMISSION 

(  14.774 4.026 1.58 )  110  -1  -1   RECEIVER 

0.192388
(  4.668 4.516 1.45 )  110  -1  -1   TRANSMITTER 

(  16.294 4.97931 1.48153 )  32  2  -1   TRANSMISSION 

(  19.011 5.08759 1.4889 )  34  3  -1   REFLECTION 

(  16.194 5.19985 1.49654 )  59  3  -1   TRANSMISSION 

(  15.5378 5.226 1.49832 )  49  1  -1   REFLECTION 

(  3.118 4.73105 1.53201 )  26  3  -1   TRANSMISSION 

(  0.1 4.61078 1.5402 )  24  2  -1   REFLECTION 

(  3.318 4.48254 1.54893 )  26  2  -1   TRANSMISSION 

(  14.774 4.026 1.58 )  110  -1  -1   RECEIVER 

0.192818
(  4.668 4.516 1.45 )  110  -1  -1   TRANSMITTER 

(  16.294 5.05118 1.48643 )  32  2  -1   TRANSMISSION 

(  19.011 5.17625 1.49494 )  34  3  -1   REFLECTION 

(  17.9303 5.226 1.49832 )  53  1  -1   REFLECTION 

(  16.194 5.14607 1.50376 )  59  3  -1   TRANSMISSION 

(  3.318 4.55335 1.54411 )  26  2  -1   REFLECTION 

(  14.774 4.026 1.58 )  110  -1  -1   RECEIVER 

0.192826
(  4.668 4.516 1.45 )  110  -1  -1   TRANSMITTER 

(  16.294 4.39714 1.96425 )  32  2  -1   TRANSMISSION 

(  19.011 4.36936 2.08443 )  34  3  -1   REFLECTION 

(  16.194 4.34056 2.20904 )  33  3  -1   TRANSMISSION 

(  7.92051 4.25598 2.575 )  116  0  -1   REFLECTION 

(  3.118 4.20688 2.36257 )  27  3  -1   TRANSMISSION 

(  0.1 4.17602 2.22908 )  24  2  -1   REFLECTION 

(  3.318 4.14312 2.08673 )  27  2  -1   TRANSMISSION 

(  14.774 4.026 1.58 )  110  -1  -1   RECEIVER 

0.192433
(  4.668 4.516 1.45 )  110  -1  -1   TRANSMITTER 

(  16.294 4.3787 2.04402 )  33  2  -1   TRANSMISSION 

(  19.011 4.34662 2.18284 )  34  3  -1   REFLECTION 

(  16.194 4.31335 2.32678 )  33  3  -1   TRANSMISSION 

(  11.3358 4.25598 2.575 )  116  0  -1   REFLECTION 

(  3.318 4.16129 2.16534 )  27  2  -1   REFLECTION 

(  14.774 4.026 1.58 )  110  -1  -1   RECEIVER 

0.19056
(  4.668 4.516 1.45 )  110  -1  -1   TRANSMITTER 

(  6.88907 3.767 0.784076 )  40  4  -1   REFLECTION 

(  9.5042 4.64889 0 )  0  5  -1   REFLECTION 

(  11.2155 5.226 0.513099 )  45  1  -1   REFLECTION 

(  14.774 4.026 1.58 )  110  -1  -1   RECEIVER 

0.19038
(  4.668 4.516 1.45 )  110  -1  -1   TRANSMITTER 

(  5.4611 3.767 1.21221 )  90  4  -1   REFLECTION 

(  7.11191 5.326 0.717263 )  41  4  -1   TRANSMISSION 

(  7.493 5.6859 0.603003 )  57  2  -1   TRANSMISSION 

(  9.5042 7.58526 2.77556e-17 )  0  5  -1   REFLECTION 

(  10.2547 8.294 0.225008 )  70  1  -1   REFLECTION 

(  11.919 6.72223 0.724009 )  58  2  -1   TRANSMISSION 

(  13.5033 5.226 1.19903 )  45  1  -1   TRANSMISSION 

(  14.774 4.026 1.58 )  110  -1  -1   RECEIVER 

0.189761
(  4.668 4.516 1.45 )  110  -1  -1   TRANSMITTER 

(  3.663 3.767 1.4602 )  36  4  -1   REFLECTION 

(  3.318 4.02412 1.4637 )  26  2  -1   REFLECTION 

(  5.06484 5.326 1.48144 )  38  4  -1   TRANSMISSION 

(  7.493 7.13565 1.50609 )  57  2  -1   TRANSMISSION 

(  9.04726 8.294 1.52187 )  70  1  -1   REFLECTION 

(  11.919 6.15376 1.55102 )  58  2  -1   TRANSMISSION 

(  13.1639 5.226 1.56365 )  45  1  -1   TRANSMISSION 

(  14.774 4.026 1.58 )  110  -1  -1   RECEIVER 

0.189926
(  4.668 4.516 1.45 )  110  -1  -1   TRANSMITTER 

(  5.42798 3.767 1.45978 )  90  4  -1   REFLECTION 

(  6.90837 5.226 1.47882 )  41  1  -1   REFLECTION 

(  8.49022 3.667 1.49917 )  40  1  -1   TRANSMISSION 

(  11.45 0.75 1.53724 )  13  4  -1   REFLECTION 

(  11.919 1.21225 1.54327 )  30  2  -1   TRANSMISSION 

(  14.5112 3.767 1.57662 )  94  4  -1   TRANSMISSION 

(  14.774 4.026 1.58 )  110  -1  -1   RECEIVER 

0.180989
(  4.668 4.516 1.45 )  110  -1  -1   TRANSMITTER 

(  7.51323 3.767 1.47857 )  40  4  -1   REFLECTION 

(  13.0555 5.226 1.53423 )  45  1  -1   REFLECTION 

(  16.194 4.39981 1.56574 )  32  3  -1   REFLECTION 

(  14.774 4.026 1.58 )  110  -1  -1   RECEIVER 

0.178341
(  4.668 4.516 1.45 )  110  -1  -1   TRANSMITTER 

(  8.75146 3.767 1.47857 )  40  4  -1   REFLECTION 

(  16.294 5.15048 1.53134 )  59  2  -1   TRANSMISSION 

(  16.7057 5.226 1.53423 )  52  1  -1   REFLECTION 

(  19.011 4.80316 1.55035 )  34  3  -1   REFLECTION 

(  16.194 4.28646 1.57006 )  32  3  -1   TRANSMISSION 

(  14.774 4.026 1.58 )  110  -1  -1   RECEIVER 

0.19991
(  4.668 4.516 1.45 )  110  -1  -1   TRANSMITTER 

(  6.59602 3.767 1.4748 )  40  4  -1   REFLECTION 

(  10.3517 5.226 1.52311 )  45  1  -1   REFLECTION 

(  14.1073 3.767 1.57142 )  94  4  -1   REFLECTION 

(  14.774 4.026 1.58 )  110  -1  -1   RECEIVER 

0.200168
(  4.668 4.516 1.45 )  110  -1  -1   TRANSMITTER 

(  5.42028 3.767 1.45968 )  90  4  -1   REFLECTION 

(  6.98609 5.326 1.47982 )  41  4  -1   TRANSMISSION 

(  7.493 5.8307 1.48634 )  57  2  -1   TRANSMISSION 

(  9.96707 8.294 1.51817 )  70  1  -1   REFLECTION 

(  11.919 6.35057 1.54327 )  58  2  -1   TRANSMISSION 

(  13.0485 5.226 1.5578 )  45  1  -1   TRANSMISSION 

(  14.5139 3.767 1.57665 )  94  4  -1   REFLECTION 

(  14.774 4.026 1.58 )  110  -1  -1   RECEIVER 

0.18683
(  4.668 4.516 1.45 )  110  -1  -1   TRANSMITTER 

(  6.88907 3.767 1.91593 )  40  4  -1   REFLECTION 

(  10.0309 4.82649 2.575 )  116  0  -1   REFLECTION 

(  11.2155 5.226 2.32648 )  45  1  -1   REFLECTION 

(  14.774 4.026 1.58 )  110  -1  -1   RECEIVER 

0.186934
(  4.668 4.516 1.45 )  110  -1  -1   TRANSMITTER 

(  5.4611 3.767 1.61637 )  90  4  -1   REFLECTION 

(  7.11191 5.326 1.96267 )  41  4  -1   TRANSMISSION 

(  7.493 5.6859 2.04262 )  57  2  -1   TRANSMISSION 

(  10.0309 8.08262 2.575 )  116  0  -1   REFLECTION 

(  10.2547 8.294 2.52805 )  70  1  -1   REFLECTION 

(  11.919 6.72223 2.17891 )  58  2  -1   TRANSMISSION 

(  13.5033 5.226 1.84655 )  45  1  -1   TRANSMISSION 

(  14.774 4.026 1.58 )  110  -1  -1   RECEIVER 

0.187195
(  4.668 4.516 1.45 )  110  -1  -1   TRANSMITTER 

(  5.51594 5.226 1.19577 )  38  1  -1   REFLECTION 

(  7.37782 3.667 0.637536 )  40  1  -1   TRANSMISSION 

(  7.493 3.57056 0.603003 )  29  2  -1   TRANSMISSION 

(  9.5042 1.88653 5.55112e-17 )  0  5  -1   REFLECTION 

(  10.8615 0.75 0.406958 )  11  4  -1   REFLECTION 

(  11.919 1.63544 0.724009 )  30  2  -1   TRANSMISSION 

(  14.4647 3.767 1.48726 )  94  4  -1   TRANSMISSION 

(  14.774 4.026 1.58 )  110  -1  -1   RECEIVER 

0.18602
(  4.668 4.516 1.45 )  110  -1  -1   TRANSMITTER 

(  9.48039 5.226 0.323665 )  93  1  -1   REFLECTION 

(  10.8633 5.02197 -1.11022e-16 )  0  5  -1   REFLECTION 

(  16.194 4.2355 1.24765 )  32  3  -1   REFLECTION 

(  14.774 4.026 1.58 )  110  -1  -1   RECEIVER 

0.186177
(  4.668 4.516 1.45 )  110  -1  -1   TRANSMITTER 

(  11.5747 5.226 0.323665 )  45  1  -1   REFLECTION 

(  13.5594 5.02197 -5.55112e-17 )  0  5  -1   REFLECTION 

(  16.294 4.74086 0.445952 )  32  2  -1   TRANSMISSION 

(  19.011 4.46156 0.889036 )  34  3  -1   REFLECTION 

(  16.194 4.17197 1.34843 )  32  3  -1   TRANSMISSION 

(  14.774 4.026 1.58 )  110  -1  -1   RECEIVER 

0.178636
(  4.668 4.516 1.45 )  110  -1  -1   TRANSMITTER 

(  7.62321 5.226 0.563962 )  41  1  -1   REFLECTION 

(  9.5042 4.77409 1.11022e-16 )  0  5  -1   REFLECTION 

(  13.696 3.767 1.25678 )  94  4  -1   REFLECTION 

(  14.774 4.026 1.58 )  110  -1  -1   RECEIVER 

0.178469
(  4.668 4.516 1.45 )  110  -1  -1   TRANSMITTER 

(  5.75423 5.226 1.46091 )  38  1  -1   REFLECTION 

(  8.13934 3.667 1.48486 )  40  1  -1   TRANSMISSION 

(  11.919 1.19647 1.52281 )  30  2  -1   TRANSMISSION 

(  12.6021 0.75 1.52967 )  87  4  -1   REFLECTION 

(  16.194 3.09783 1.56574 )  31  3  -1   REFLECTION 

(  15.1702 3.767 1.57602 )  48  4  -1   TRANSMISSION 

(  14.774 4.026 1.58 )  110  -1  -1   RECEIVER 

0.178606
(  4.668 4.516 1.45 )  110  -1  -1   TRANSMITTER 

(  5.32858 5.226 1.4585 )  38  1  -1   REFLECTION 

(  6.77908 3.667 1.47716 )  40  1  -1   TRANSMISSION 

(  7.493 2.89967 1.48634 )  29  2  -1   TRANSMISSION 

(  9.49305 0.75 1.51207 )  10  4  -1   REFLECTION 

(  11.919 3.35743 1.54327 )  30  2  -1   TRANSMISSION 

(  12.3001 3.767 1.54818 )  44  4  -1   TRANSMISSION 

(  13.6575 5.226 1.56564 )  95  1  -1   REFLECTION 

(  14.774 4.026 1.58 )  110  -1  -1   RECEIVER 

0.178373
(  4.668 4.516 1.45 )  110  -1  -1   TRANSMITTER 

(  3.59352 5.226 1.46091 )  37  1  -1   REFLECTION 

(  3.318 5.04394 1.4637 )  26  2  -1   REFLECTION 

(  5.4018 3.667 1.48486 )  90  1  -1   TRANSMISSION 

(  7.493 2.28517 1.50609 )  29  2  -1   TRANSMISSION 

(  9.81625 0.75 1.52967 )  10  4  -1   REFLECTION 

(  11.919 2.13946 1.55102 )  30  2  -1   TRANSMISSION 

(  14.382 3.767 1.57602 )  94  4  -1   TRANSMISSION 

(  14.774 4.026 1.58 )  110  -1  -1   RECEIVER 

0.184861
(  4.668 4.516 1.45 )  110  -1  -1   TRANSMITTER 

(  8.45369 5.226 1.48801 )  41  1  -1   REFLECTION 

(  16.194 3.77432 1.56574 )  31  3  -1   REFLECTION 

(  16.155 3.767 1.56613 )  48  4  -1   REFLECTION 

(  14.774 4.026 1.58 )  110  -1  -1   RECEIVER 

0.187251
(  4.668 4.516 1.45 )  110  -1  -1   TRANSMITTER 

(  10.1012 5.226 1.48801 )  93  1  -1   REFLECTION 

(  16.294 4.41674 1.53134 )  32  2  -1   TRANSMISSION 

(  19.011 4.06168 1.55035 )  34  3  -1   REFLECTION 

(  16.756 3.767 1.56613 )  50  4  -1   REFLECTION 

(  16.194 3.84044 1.57006 )  31  3  -1   TRANSMISSION 

(  14.774 4.026 1.58 )  110  -1  -1   RECEIVER 

0.190536
(  4.668 4.516 1.45 )  110  -1  -1   TRANSMITTER 

(  6.15418 5.226 1.46912 )  41  1  -1   REFLECTION 

(  9.20816 3.767 1.5084 )  92  4  -1   REFLECTION 

(  12.2622 5.226 1.54769 )  45  1  -1   REFLECTION 

(  14.774 4.026 1.58 )  110  -1  -1   RECEIVER 

0.18993
(  4.668 4.516 1.45 )  110  -1  -1   TRANSMITTER 

(  5.32244 5.226 1.45842 )  38  1  -1   REFLECTION 

(  6.66726 3.767 1.47572 )  40  4  -1   REFLECTION 

(  8.10426 5.326 1.4942 )  41  4  -1   TRANSMISSION 

(  10.84 8.294 1.52939 )  100  1  -1   REFLECTION 

(  11.919 7.12339 1.54327 )  58  2  -1   TRANSMISSION 

(  13.6679 5.226 1.56577 )  95  1  -1   TRANSMISSION 

(  14.774 4.026 1.58 )  110  -1  -1   RECEIVER 

0.189804
(  4.668 4.516 1.45 )  110  -1  -1   TRANSMITTER 

(  5.51594 5.226 1.62788 )  38  1  -1   REFLECTION 

(  7.37782 3.667 2.01846 )  40  1  -1   TRANSMISSION 

(  7.493 3.57056 2.04262 )  29  2  -1   TRANSMISSION 

(  10.0309 1.44555 2.575 )  116  0  -1   REFLECTION 

(  10.8615 0.75 2.40074 )  12  4  -1   REFLECTION 

(  11.919 1.63544 2.17891 )  30  2  -1   TRANSMISSION 

(  14.4647 3.767 1.64489 )  94  4  -1   TRANSMISSION 

(  14.774 4.026 1.58 )  110  -1  -1   RECEIVER 

0.190283
(  4.668 4.516 1.45 )  110  -1  -1   TRANSMITTER 

(  9.48039 5.226 2.23806 )  43  1  -1   REFLECTION 

(  11.5379 4.92244 2.575 )  116  0  -1   REFLECTION 

(  16.194 4.2355 1.81254 )  32  3  -1   REFLECTION 

(  14.774 4.026 1.58 )  110  -1  -1   RECEIVER 

0.190692
(  4.668 4.516 1.45 )  110  -1  -1   TRANSMITTER 

(  11.5747 5.226 2.23806 )  45  1  -1   REFLECTION 

(  14.5277 4.92244 2.575 )  116  0  -1   REFLECTION 

(  16.294 4.74086 2.37346 )  33  2  -1   TRANSMISSION 

(  19.011 4.46156 2.06345 )  34  3  -1   REFLECTION 

(  16.194 4.17197 1.74202 )  32  3  -1   TRANSMISSION 

(  14.774 4.026 1.58 )  110  -1  -1   RECEIVER 

0.186079
(  4.668 4.516 1.45 )  110  -1  -1   TRANSMITTER 

(  7.62321 5.226 2.06993 )  41  1  -1   REFLECTION 

(  10.0309 4.64756 2.575 )  116  0  -1   REFLECTION 

(  13.696 3.767 1.80614 )  94  4  -1   REFLECTION 

(  14.774 4.026 1.58 )  110  -1  -1   RECEIVER 

0.186635
(  4.668 4.516 1.45 )  110  -1  -1   TRANSMITTER 

(  5.62385 5.326 1.16342 )  38  4  -1   TRANSMISSION 

(  7.493 6.90995 0.603003 )  57  2  -1   TRANSMISSION 

(  9.12625 8.294 0.113319 )  70  1  -1   REFLECTION 

(  9.5042 7.97372 -5.55112e-17 )  0  5  -1   REFLECTION 

(  11.919 5.92738 0.724009 )  58  2  -1   TRANSMISSION 

(  12.7467 5.226 0.97216 )  45  1  -1   TRANSMISSION 

(  14.4684 3.767 1.48836 )  94  4  -1   REFLECTION 

(  14.774 4.026 1.58 )  110  -1  -1   RECEIVER 

0.187076
(  4.668 4.516 1.45 )  110  -1  -1   TRANSMITTER 

(  5.89246 5.326 1.4623 )  38  4  -1   TRANSMISSION 

(  7.493 6.38479 1.47837 )  57  2  -1   TRANSMISSION 

(  10.3791 8.294 1.50735 )  100  1  -1   REFLECTION 

(  11.919 7.27534 1.52281 )  58  2  -1   TRANSMISSION 

(  15.0169 5.226 1.55392 )  49  1  -1   TRANSMISSION 

(  16.194 4.44735 1.56574 )  32  3  -1   REFLECTION 

(  15.1655 3.767 1.57607 )  48  4  -1   REFLECTION 

(  14.774 4.026 1.58 )  110  -1  -1   RECEIVER 

0.186497
(  4.668 4.516 1.45 )  110  -1  -1   TRANSMITTER 

(  5.41461 5.326 1.4596 )  38  4  -1   TRANSMISSION 

(  7.493 7.58084 1.48634 )  57  2  -1   TRANSMISSION 

(  8.15035 8.294 1.4948 )  99  1  -1   REFLECTION 

(  10.9783 5.226 1.53117 )  45  1  -1   TRANSMISSION 

(  12.3231 3.767 1.54847 )  44  4  -1   REFLECTION 

(  13.6679 5.226 1.56577 )  95  1  -1   REFLECTION 

(  14.774 4.026 1.58 )  110  -1  -1   RECEIVER 

0.185691
(  4.668 4.516 1.45 )  110  -1  -1   TRANSMITTER 

(  5.62385 5.326 1.65051 )  38  4  -1   TRANSMISSION 

(  7.493 6.90995 2.04262 )  57  2  -1   TRANSMISSION 

(  9.12625 8.294 2.38524 )  70  1  -1   REFLECTION 

(  10.0309 7.52742 2.575 )  116  0  -1   REFLECTION 

(  11.919 5.92738 2.17891 )  58  2  -1   TRANSMISSION 

(  12.7467 5.226 2.00529 )  45  1  -1   TRANSMISSION 

(  14.4684 3.767 1.64411 )  94  4  -1   REFLECTION 

(  14.774 4.026 1.58 )  110  -1  -1   RECEIVER 

0.185689
(  4.668 4.516 1.45 )  110  -1  -1   TRANSMITTER 

(  7.42638 4.4116 2.575 )  116  0  -1   REFLECTION 

(  13.74 4.17263 0 )  0  5  -1   REFLECTION 

(  16.194 4.07975 1.00086 )  32  3  -1   REFLECTION 

(  14.774 4.026 1.58 )  110  -1  -1   RECEIVER 

0.186037
(  4.668 4.516 1.45 )  110  -1  -1   TRANSMITTER 

(  8.62681 4.4116 2.575 )  116  0  -1   REFLECTION 

(  16.294 4.20939 0.396164 )  32  2  -1   TRANSMISSION 

(  17.6881 4.17263 0 )  0  5  -1   REFLECTION 

(  19.011 4.13774 0.375944 )  34  3  -1   REFLECTION 

(  16.194 4.06345 1.17647 )  32  3  -1   TRANSMISSION 

(  14.774 4.026 1.58 )  110  -1  -1   RECEIVER 

0.185853
(  4.668 4.516 1.45 )  110  -1  -1   TRANSMITTER 

(  6.82127 4.30123 2.575 )  116  0  -1   REFLECTION 

(  11.7499 3.80964 0 )  0  5  -1   REFLECTION 

(  12.1773 3.767 0.223333 )  44  4  -1   REFLECTION 

(  14.774 4.026 1.58 )  110  -1  -1   RECEIVER 

0.185634
(  4.668 4.516 1.45 )  110  -1  -1   TRANSMITTER 

(  6.23186 4.44017 2.575 )  116  0  -1   REFLECTION 

(  9.81136 4.26662 -2.22045e-16 )  0  5  -1   REFLECTION 

(  13.3909 4.09306 2.575 )  116  0  -1   REFLECTION 

(  14.774 4.026 1.58 )  110  -1  -1   RECEIVER 

0.185628
(  4.668 4.516 1.45 )  110  -1  -1   TRANSMITTER 

(  5.8864 3.667 2.08657 )  91  1  -1   TRANSMISSION 

(  6.82127 3.01557 2.575 )  116  0  -1   REFLECTION 

(  7.493 2.5475 2.22405 )  29  2  -1   TRANSMISSION 

(  10.0726 0.75 0.876302 )  10  4  -1   REFLECTION 

(  11.7499 1.91873 0 )  0  5  -1   REFLECTION 

(  11.919 2.0366 0.0883713 )  30  2  -1   TRANSMISSION 

(  14.4023 3.767 1.38581 )  94  4  -1   TRANSMISSION 

(  14.774 4.026 1.58 )  110  -1  -1   RECEIVER 

0.185473
(  4.668 4.516 1.45 )  110  -1  -1   TRANSMITTER 

(  6.2288 3.667 1.70559 )  40  1  -1   TRANSMISSION 

(  7.493 2.97934 1.91261 )  29  2  -1   TRANSMISSION 

(  11.5379 0.77909 2.575 )  116  0  -1   REFLECTION 

(  11.5914 0.75 2.56624 )  13  4  -1   REFLECTION 

(  11.919 0.928195 2.5126 )  30  2  -1   TRANSMISSION 

(  16.194 3.25359 1.81254 )  31  3  -1   REFLECTION 

(  15.2501 3.767 1.65797 )  48  4  -1   TRANSMISSION 

(  14.774 4.026 1.58 )  110  -1  -1   RECEIVER 

0.184772
(  4.668 4.516 1.45 )  110  -1  -1   TRANSMITTER 

(  3.118 4.47653 1.87532 )  26  3  -1   TRANSMISSION 

(  0.568142 4.4116 2.575 )  116  0  -1   REFLECTION 

(  0.1 4.39968 2.44654 )  24  2  -1   REFLECTION 

(  3.318 4.31773 1.56352 )  26  2  -1   TRANSMISSION 

(  9.01598 4.17263 -2.22045e-16 )  0  5  -1   REFLECTION 

(  14.774 4.026 1.58 )  110  -1  -1   RECEIVER 

0.183378
(  4.668 4.516 1.45 )  110  -1  -1   TRANSMITTER 

(  11.5379 3.98109 2.575 )  116  0  -1   REFLECTION 

(  14.2876 3.767 2.12472 )  46  4  -1   REFLECTION 

(  16.194 3.91544 1.81254 )  32  3  -1   REFLECTION 

(  14.774 4.026 1.58 )  110  -1  -1   RECEIVER 

0.183786
(  4.668 4.516 1.45 )  110  -1  -1   TRANSMITTER 

(  14.5277 3.98109 2.575 )  116  0  -1   REFLECTION 

(  16.294 3.88527 2.37346 )  33  2  -1   TRANSMISSION 

(  18.474 3.767 2.12472 )  55  4  -1   REFLECTION 

(  19.011 3.79613 2.06345 )  34  3  -1   REFLECTION 

(  16.194 3.94896 1.74202 )  32  3  -1   TRANSMISSION 

(  14.774 4.026 1.58 )  110  -1  -1   RECEIVER 

0.183762
(  4.668 4.516 1.45 )  110  -1  -1   TRANSMITTER 

(  6.82127 4.92296 2.575 )  116  0  -1   REFLECTION 

(  8.42468 5.226 1.73728 )  41  1  -1   REFLECTION 

(  11.7499 4.59755 -2.22045e-16 )  0  5  -1   REFLECTION 

(  14.774 4.026 1.58 )  110  -1  -1   RECEIVER 

0.18371
(  4.668 4.516 1.45 )  110  -1  -1   TRANSMITTER 

(  5.68538 5.326 1.98154 )  38  4  -1   TRANSMISSION 

(  6.82127 6.23035 2.575 )  116  0  -1   REFLECTION 

(  7.493 6.76515 2.22405 )  57  2  -1   TRANSMISSION 

(  9.41327 8.294 1.22078 )  70  1  -1   REFLECTION 

(  11.7499 6.4337 0 )  0  5  -1   REFLECTION 

(  11.919 6.29904 0.0883713 )  58  2  -1   TRANSMISSION 

(  13.2668 5.226 0.792528 )  45  1  -1   TRANSMISSION 

(  14.774 4.026 1.58 )  110  -1  -1   RECEIVER 

