 0.6 1 2.4   0 0  0 0  0 0    0 0  0 0  0 0    0 0  0 0  0 0 
 1.6 1 2.4   0 0  0 0  0 0    0 0  0 0  0 0    0 0  0 0  0 0 
 2.6 1 2.4   0 0  0 0  0 0    0 0  0 0  0 0    0 0  0 0  0 0 
 3.6 1 2.4   0 0  0 0  0 0    0 0  0 0  0 0    0 0  0 0  0 0 
 4.6 1 2.4   0 0  0 0  0 0    0 0  0 0  0 0    0 0  0 0  0 0 
 5.6 1 2.4   0 0  0 0  0 0    0 0  0 0  0 0    0 0  0 0  0 0 
 6.6 1 2.4   0 0  0 0  0 0    0 0  0 0  0 0    0 0  0 0  0 0 
 7.6 1 2.4   0 0  0 0  0 0    0 0  0 0  0 0    0 0  0 0  0 0 
 8.6 1 2.4   0 0  0 0  0 0    0 0  0 0  0 0    0 0  0 0  0 0 
 9.6 1 2.4   0 0  0 0  0 0    0 0  0 0  0 0    0 0  0 0  0 0 
 10.6 1 2.4   0 0  0 0  0 0    0 0  0 0  0 0    0 0  0 0  0 0 
 11.6 1 2.4   0 0  0 0  0 0    0 0  0 0  0 0    0 0  0 0  0 0 
 12.6 1 2.4   0 0  0 0  0 0    0 0  0 0  0 0    0 0  0 0  0 0 
 13.6 1 2.4   0 0  0 0  0 0    0 0  0 0  0 0    0 0  0 0  0 0 
 14.6 1 2.4   0 0  0 0  0 0    0 0  0 0  0 0    0 0  0 0  0 0 
 15.6 1 2.4   0 0  0 0  0 0    0 0  0 0  0 0    0 0  0 0  0 0 
 16.6 1 2.4   0 0  0 0  0 0    0 0  0 0  0 0    0 0  0 0  0 0 
 17.6 1 2.4   0 0  0 0  0 0    0 0  0 0  0 0    0 0  0 0  0 0 
 18.6 1 2.4   0 0  0 0  0 0    0 0  0 0  0 0    0 0  0 0  0 0 
 0.6 2 2.4   0 0  0 0  0 0    0 0  0 0  0 0    0 0  0 0  0 0 
 1.6 2 2.4   0 0  0 0  0 0    0 0  0 0  0 0    0 0  0 0  0 0 
 2.6 2 2.4   0 0  0 0  0 0    0 0  0 0  0 0    0 0  0 0  0 0 
 3.6 2 2.4   0 0  0 0  0 0    0 0  0 0  0 0    0 0  0 0  0 0 
 4.6 2 2.4   0 0  0 0  0 0    0 0  0 0  0 0    0 0  0 0  0 0 
 5.6 2 2.4   0 0  0 0  0 0    0 0  0 0  0 0    0 0  0 0  0 0 
 6.6 2 2.4   0 0  0 0  0 0    0 0  0 0  0 0    0 0  0 0  0 0 
 7.6 2 2.4   0 0  0 0  0 0    0 0  0 0  0 0    0 0  0 0  0 0 
 8.6 2 2.4   0 0  0 0  0 0    0 0  0 0  0 0    0 0  0 0  0 0 
 9.6 2 2.4   0 0  0 0  0 0    0 0  0 0  0 0    0 0  0 0  0 0 
 10.6 2 2.4   0 0  0 0  0 0    0 0  0 0  0 0    0 0  0 0  0 0 
 11.6 2 2.4   0 0  0 0  0 0    0 0  0 0  0 0    0 0  0 0  0 0 
 12.6 2 2.4   0 0  0 0  0 0    0 0  0 0  0 0    0 0  0 0  0 0 
 13.6 2 2.4   0 0  0 0  0 0    0 0  0 0  0 0    0 0  0 0  0 0 
 14.6 2 2.4   0 0  0 0  0 0    0 0  0 0  0 0    0 0  0 0  0 0 
 15.6 2 2.4   0 0  0 0  0 0    0 0  0 0  0 0    0 0  0 0  0 0 
 16.6 2 2.4   0 0  0 0  0 0    0 0  0 0  0 0    0 0  0 0  0 0 
 17.6 2 2.4   0 0  0 0  0 0    0 0  0 0  0 0    0 0  0 0  0 0 
 18.6 2 2.4   0 0  0 0  0 0    0 0  0 0  0 0    0 0  0 0  0 0 
 0.6 3 2.4   0 0  0 0  0 0    0 0  0 0  0 0    0 0  0 0  0 0 
 1.6 3 2.4   0 0  0 0  0 0    0 0  0 0  0 0    0 0  0 0  0 0 
 2.6 3 2.4   0 0  0 0  0 0    0 0  0 0  0 0    0 0  0 0  0 0 
 3.6 3 2.4   0 0  0 0  0 0    0 0  0 0  0 0    0 0  0 0  0 0 
 4.6 3 2.4   0 0  0 0  0 0    0 0  0 0  0 0    0 0  0 0  0 0 
 5.6 3 2.4   0 0  0 0  0 0    0 0  0 0  0 0    0 0  0 0  0 0 
 6.6 3 2.4   0 0  0 0  0 0    0 0  0 0  0 0    0 0  0 0  0 0 
 7.6 3 2.4   0 0  0 0  0 0    0 0  0 0  0 0    0 0  0 0  0 0 
 8.6 3 2.4   0 0  0 0  0 0    0 0  0 0  0 0    0 0  0 0  0 0 
 9.6 3 2.4   0 0  0 0  0 0    0 0  0 0  0 0    0 0  0 0  0 0 
 10.6 3 2.4   0 0  0 0  0 0    0 0  0 0  0 0    0 0  0 0  0 0 
 11.6 3 2.4   0 0  0 0  0 0    0 0  0 0  0 0    0 0  0 0  0 0 
 12.6 3 2.4   0 0  0 0  0 0    0 0  0 0  0 0    0 0  0 0  0 0 
 13.6 3 2.4   0 0  0 0  0 0    0 0  0 0  0 0    0 0  0 0  0 0 
 14.6 3 2.4   0 0  0 0  0 0    0 0  0 0  0 0    0 0  0 0  0 0 
 15.6 3 2.4   0 0  0 0  0 0    0 0  0 0  0 0    0 0  0 0  0 0 
 16.6 3 2.4   0 0  0 0  0 0    0 0  0 0  0 0    0 0  0 0  0 0 
 17.6 3 2.4   0 0  0 0  0 0    0 0  0 0  0 0    0 0  0 0  0 0 
 18.6 3 2.4   0 0  0 0  0 0    0 0  0 0  0 0    0 0  0 0  0 0 
 0.6 4 2.4   0 0  0 0  0 0    0 0  0 0  0 0    0 0  0 0  0 0 
 1.6 4 2.4   0 0  0 0  0 0    0 0  0 0  0 0    0 0  0 0  0 0 
 2.6 4 2.4   0 0  0 0  0 0    0 0  0 0  0 0    0 0  0 0  0 0 
 3.6 4 2.4   0 0  0 0  0 0    0 0  0 0  0 0    0 0  0 0  0 0 
 4.6 4 2.4   0 0  0 0  0 0    0 0  0 0  0 0    0 0  0 0  0 0 
 5.6 4 2.4   0 0  0 0  0 0    0 0  0 0  0 0    0 0  0 0  0 0 
 6.6 4 2.4   0 0  0 0  0 0    0 0  0 0  0 0    0 0  0 0  0 0 
 7.6 4 2.4   0 0  0 0  0 0    0 0  0 0  0 0    0 0  0 0  0 0 
 8.6 4 2.4   0 0  0 0  0 0    0 0  0 0  0 0    0 0  0 0  0 0 
 9.6 4 2.4   0 0  0 0  0 0    0 0  0 0  0 0    0 0  0 0  0 0 
 10.6 4 2.4   0 0  0 0  0 0    0 0  0 0  0 0    0 0  0 0  0 0 
 11.6 4 2.4   0 0  0 0  0 0    0 0  0 0  0 0    0 0  0 0  0 0 
 12.6 4 2.4   0 0  0 0  0 0    0 0  0 0  0 0    0 0  0 0  0 0 
 13.6 4 2.4   0 0  0 0  0 0    0 0  0 0  0 0    0 0  0 0  0 0 
 14.6 4 2.4   0 0  0 0  0 0    0 0  0 0  0 0    0 0  0 0  0 0 
 15.6 4 2.4   0 0  0 0  0 0    0 0  0 0  0 0    0 0  0 0  0 0 
 16.6 4 2.4   0 0  0 0  0 0    0 0  0 0  0 0    0 0  0 0  0 0 
 17.6 4 2.4   0 0  0 0  0 0    0 0  0 0  0 0    0 0  0 0  0 0 
 18.6 4 2.4   0 0  0 0  0 0    0 0  0 0  0 0    0 0  0 0  0 0 
 0.6 5 2.4   0 0  0 0  0 0    0 0  0 0  0 0    0 0  0 0  0 0 
 1.6 5 2.4   0 0  0 0  0 0    0 0  0 0  0 0    0 0  0 0  0 0 
 2.6 5 2.4   0 0  0 0  0 0    0 0  0 0  0 0    0 0  0 0  0 0 
 3.6 5 2.4   0 0  0 0  0 0    0 0  0 0  0 0    0 0  0 0  0 0 
 4.6 5 2.4   0 0  0 0  0 0    0 0  0 0  0 0    0 0  0 0  0 0 
 5.6 5 2.4   0 0  0 0  0 0    0 0  0 0  0 0    0 0  0 0  0 0 
 6.6 5 2.4   0 0  0 0  0 0    0 0  0 0  0 0    0 0  0 0  0 0 
 7.6 5 2.4   0 0  0 0  0 0    0 0  0 0  0 0    0 0  0 0  0 0 
 8.6 5 2.4   0 0  0 0  0 0    0 0  0 0  0 0    0 0  0 0  0 0 
 9.6 5 2.4   0 0  0 0  0 0    0 0  0 0  0 0    0 0  0 0  0 0 
 10.6 5 2.4   0 0  0 0  0 0    0 0  0 0  0 0    0 0  0 0  0 0 
 11.6 5 2.4   0 0  0 0  0 0    0 0  0 0  0 0    0 0  0 0  0 0 
 12.6 5 2.4   0 0  0 0  0 0    0 0  0 0  0 0    0 0  0 0  0 0 
 13.6 5 2.4   0 0  0 0  0 0    0 0  0 0  0 0    0 0  0 0  0 0 
 14.6 5 2.4   0 0  0 0  0 0    0 0  0 0  0 0    0 0  0 0  0 0 
 15.6 5 2.4   0 0  0 0  0 0    0 0  0 0  0 0    0 0  0 0  0 0 
 16.6 5 2.4   0 0  0 0  0 0    0 0  0 0  0 0    0 0  0 0  0 0 
 17.6 5 2.4   0 0  0 0  0 0    0 0  0 0  0 0    0 0  0 0  0 0 
 18.6 5 2.4   0 0  0 0  0 0    0 0  0 0  0 0    0 0  0 0  0 0 
 0.6 6 2.4   0 0  0 0  0 0    0 0  0 0  0 0    0 0  0 0  0 0 
 1.6 6 2.4   0 0  0 0  0 0    0 0  0 0  0 0    0 0  0 0  0 0 
 2.6 6 2.4   0 0  0 0  0 0    0 0  0 0  0 0    0 0  0 0  0 0 
 3.6 6 2.4   0 0  0 0  0 0    0 0  0 0  0 0    0 0  0 0  0 0 
 4.6 6 2.4   0 0  0 0  0 0    0 0  0 0  0 0    0 0  0 0  0 0 
 5.6 6 2.4   0 0  0 0  0 0    0 0  0 0  0 0    0 0  0 0  0 0 
 6.6 6 2.4   0 0  0 0  0 0    0 0  0 0  0 0    0 0  0 0  0 0 
 7.6 6 2.4   0 0  0 0  0 0    0 0  0 0  0 0    0 0  0 0  0 0 
 8.6 6 2.4   0 0  0 0  0 0    0 0  0 0  0 0    0 0  0 0  0 0 
 9.6 6 2.4   0 0  0 0  0 0    0 0  0 0  0 0    0 0  0 0  0 0 
 10.6 6 2.4   0 0  0 0  0 0    0 0  0 0  0 0    0 0  0 0  0 0 
 11.6 6 2.4   0 0  0 0  0 0    0 0  0 0  0 0    0 0  0 0  0 0 
 12.6 6 2.4   0 0  0 0  0 0    0 0  0 0  0 0    4.93219e-18 -1.6204e-17  1.76784e-18 -5.80799e-18  0.0855666 -0.281117 
 13.6 6 2.4   0 0  0 0  0 0    0 0  0 0  0 0    1.93808e-17 -1.0099e-17  1.00992e-17 -5.2625e-18  0.356907 -0.185978 
 14.6 6 2.4   0 0  0 0  0 0    0 0  0 0  0 0    -2.18334e-17 1.52539e-17  -2.08305e-17 1.45532e-17  -0.492815 0.344304 
 15.6 6 2.4   0 0  0 0  0 0    0 0  0 0  0 0    -1.69592e-18 -9.00598e-18  -9.568e-18 -5.08098e-17  -0.158693 -0.842721 
 16.6 6 2.4   0 0  0 0  0 0    0 0  0 0  0 0    0 0  0 0  0 0 
 17.6 6 2.4   0 0  0 0  0 0    0 0  0 0  0 0    0 0  0 0  0 0 
 18.6 6 2.4   0 0  0 0  0 0    0 0  0 0  0 0    0 0  0 0  0 0 
 0.6 7 2.4   0 0  0 0  0 0    0 0  0 0  0 0    0 0  0 0  0 0 
 1.6 7 2.4   0 0  0 0  0 0    0 0  0 0  0 0    0 0  0 0  0 0 
 2.6 7 2.4   0 0  0 0  0 0    0 0  0 0  0 0    0 0  0 0  0 0 
 3.6 7 2.4   0 0  0 0  0 0    0 0  0 0  0 0    0 0  0 0  0 0 
 4.6 7 2.4   0 0  0 0  0 0    0 0  0 0  0 0    0 0  0 0  0 0 
 5.6 7 2.4   0 0  0 0  0 0    0 0  0 0  0 0    0 0  0 0  0 0 
 6.6 7 2.4   0 0  0 0  0 0    0 0  0 0  0 0    0 0  0 0  0 0 
 7.6 7 2.4   0 0  0 0  0 0    0 0  0 0  0 0    0 0  0 0  0 0 
 8.6 7 2.4   0 0  0 0  0 0    0 0  0 0  0 0    0 0  0 0  0 0 
 9.6 7 2.4   0 0  0 0  0 0    0 0  0 0  0 0    0 0  0 0  0 0 
 10.6 7 2.4   0 0  0 0  0 0    0 0  0 0  0 0    0 0  0 0  0 0 
 11.6 7 2.4   0 0  0 0  0 0    0 0  0 0  0 0    0 0  0 0  0 0 
 12.6 7 2.4   0 0  0 0  0 0    0 0  0 0  0 0    1.5033e-17 1.17387e-17  6.95627e-19 5.43192e-19  0.245769 0.191913 
 13.6 7 2.4   0 0  0 0  0 0    0 0  0 0  0 0    2.85241e-18 -2.75157e-17  1.91891e-19 -1.85107e-18  0.0466887 -0.450382 
 14.6 7 2.4   0 0  0 0  0 0    0 0  0 0  0 0    -4.2362e-17 2.67805e-17  -5.21773e-18 3.29856e-18  -0.697052 0.440665 
 15.6 7 2.4   0 0  0 0  0 0    0 0  0 0  0 0    8.39893e-17 -1.7773e-16  6.11743e-17 -1.29451e-16  1.69692 -3.59085 
 16.6 7 2.4   0 0  0 0  0 0    0 0  0 0  0 0    0 0  0 0  0 0 
 17.6 7 2.4   0 0  0 0  0 0    0 0  0 0  0 0    0 0  0 0  0 0 
 18.6 7 2.4   0 0  0 0  0 0    0 0  0 0  0 0    0 0  0 0  0 0 
 0.6 8 2.4   0 0  0 0  0 0    0 0  0 0  0 0    0 0  0 0  0 0 
 1.6 8 2.4   0 0  0 0  0 0    0 0  0 0  0 0    0 0  0 0  0 0 
 2.6 8 2.4   0 0  0 0  0 0    0 0  0 0  0 0    0 0  0 0  0 0 
 3.6 8 2.4   0 0  0 0  0 0    0 0  0 0  0 0    0 0  0 0  0 0 
 4.6 8 2.4   0 0  0 0  0 0    0 0  0 0  0 0    0 0  0 0  0 0 
 5.6 8 2.4   0 0  0 0  0 0    0 0  0 0  0 0    0 0  0 0  0 0 
 6.6 8 2.4   0 0  0 0  0 0    0 0  0 0  0 0    0 0  0 0  0 0 
 7.6 8 2.4   0 0  0 0  0 0    0 0  0 0  0 0    0 0  0 0  0 0 
 8.6 8 2.4   0 0  0 0  0 0    0 0  0 0  0 0    0 0  0 0  0 0 
 9.6 8 2.4   0 0  0 0  0 0    0 0  0 0  0 0    0 0  0 0  0 0 
 10.6 8 2.4   0 0  0 0  0 0    0 0  0 0  0 0    0 0  0 0  0 0 
 11.6 8 2.4   0 0  0 0  0 0    0 0  0 0  0 0    0 0  0 0  0 0 
 12.6 8 2.4   0 0  0 0  0 0    0 0  0 0  0 0    -1.34548e-17 1.1733e-17  3.5774e-18 -3.11961e-18  -0.227368 0.198272 
 13.6 8 2.4   0 0  0 0  0 0    0 0  0 0  0 0    -1.57208e-18 -2.41249e-17  6.0768e-19 9.32536e-18  -0.0275253 -0.422399 
 14.6 8 2.4   0 0  0 0  0 0    0 0  0 0  0 0    -1.7511e-17 -2.90256e-17  1.23929e-17 2.05421e-17  -0.350349 -0.580727 
 15.6 8 2.4   0 0  0 0  0 0    0 0  0 0  0 0    -8.90515e-18 -1.35923e-17  3.72687e-17 5.68849e-17  -0.625778 -0.955153 
 16.6 8 2.4   0 0  0 0  0 0    0 0  0 0  0 0    0 0  0 0  0 0 
 17.6 8 2.4   0 0  0 0  0 0    0 0  0 0  0 0    0 0  0 0  0 0 
 18.6 8 2.4   0 0  0 0  0 0    0 0  0 0  0 0    0 0  0 0  0 0 
