 0.6 1 2.4   0 0  0 0  0 0    0 0  0 0  0 0    0 0  0 0  0 0 
 1.6 1 2.4   0 0  0 0  0 0    0 0  0 0  0 0    0 0  0 0  0 0 
 2.6 1 2.4   0 0  0 0  0 0    0 0  0 0  0 0    0 0  0 0  0 0 
 3.6 1 2.4   0 0  0 0  0 0    0 0  0 0  0 0    0 0  0 0  0 0 
 4.6 1 2.4   0 0  0 0  0 0    0 0  0 0  0 0    0 0  0 0  0 0 
 5.6 1 2.4   0 0  0 0  0 0    0 0  0 0  0 0    0 0  0 0  0 0 
 6.6 1 2.4   0 0  0 0  0 0    0 0  0 0  0 0    0 0  0 0  0 0 
 7.6 1 2.4   0 0  0 0  0 0    0 0  0 0  0 0    0 0  0 0  0 0 
 8.6 1 2.4   0 0  0 0  0 0    0 0  0 0  0 0    0 0  0 0  0 0 
 9.6 1 2.4   0 0  0 0  0 0    0 0  0 0  0 0    0 0  0 0  0 0 
 10.6 1 2.4   0 0  0 0  0 0    0 0  0 0  0 0    0 0  0 0  0 0 
 11.6 1 2.4   0 0  0 0  0 0    0 0  0 0  0 0    0 0  0 0  0 0 
 12.6 1 2.4   0 0  0 0  0 0    0 0  0 0  0 0    0 0  0 0  0 0 
 13.6 1 2.4   0 0  0 0  0 0    0 0  0 0  0 0    0 0  0 0  0 0 
 14.6 1 2.4   0 0  0 0  0 0    0 0  0 0  0 0    0 0  0 0  0 0 
 15.6 1 2.4   0 0  0 0  0 0    0 0  0 0  0 0    0 0  0 0  0 0 
 16.6 1 2.4   0 0  0 0  0 0    0 0  0 0  0 0    0 0  0 0  0 0 
 17.6 1 2.4   0 0  0 0  0 0    0 0  0 0  0 0    0 0  0 0  0 0 
 18.6 1 2.4   0 0  0 0  0 0    0 0  0 0  0 0    0 0  0 0  0 0 
 0.6 2 2.4   0 0  0 0  0 0    0 0  0 0  0 0    0 0  0 0  0 0 
 1.6 2 2.4   0 0  0 0  0 0    0 0  0 0  0 0    0 0  0 0  0 0 
 2.6 2 2.4   0 0  0 0  0 0    0 0  0 0  0 0    0 0  0 0  0 0 
 3.6 2 2.4   0 0  0 0  0 0    0 0  0 0  0 0    0 0  0 0  0 0 
 4.6 2 2.4   0 0  0 0  0 0    0 0  0 0  0 0    0 0  0 0  0 0 
 5.6 2 2.4   0 0  0 0  0 0    0 0  0 0  0 0    0 0  0 0  0 0 
 6.6 2 2.4   0 0  0 0  0 0    0 0  0 0  0 0    0 0  0 0  0 0 
 7.6 2 2.4   0 0  0 0  0 0    0 0  0 0  0 0    0 0  0 0  0 0 
 8.6 2 2.4   0 0  0 0  0 0    0 0  0 0  0 0    0 0  0 0  0 0 
 9.6 2 2.4   0 0  0 0  0 0    0 0  0 0  0 0    0 0  0 0  0 0 
 10.6 2 2.4   0 0  0 0  0 0    0 0  0 0  0 0    0 0  0 0  0 0 
 11.6 2 2.4   0 0  0 0  0 0    0 0  0 0  0 0    0 0  0 0  0 0 
 12.6 2 2.4   0 0  0 0  0 0    0 0  0 0  0 0    0 0  0 0  0 0 
 13.6 2 2.4   0 0  0 0  0 0    0 0  0 0  0 0    0 0  0 0  0 0 
 14.6 2 2.4   0 0  0 0  0 0    0 0  0 0  0 0    0 0  0 0  0 0 
 15.6 2 2.4   0 0  0 0  0 0    0 0  0 0  0 0    0 0  0 0  0 0 
 16.6 2 2.4   0 0  0 0  0 0    0 0  0 0  0 0    0 0  0 0  0 0 
 17.6 2 2.4   0 0  0 0  0 0    0 0  0 0  0 0    0 0  0 0  0 0 
 18.6 2 2.4   0 0  0 0  0 0    0 0  0 0  0 0    0 0  0 0  0 0 
 0.6 3 2.4   0 0  0 0  0 0    0 0  0 0  0 0    0 0  0 0  0 0 
 1.6 3 2.4   0 0  0 0  0 0    0 0  0 0  0 0    0 0  0 0  0 0 
 2.6 3 2.4   0 0  0 0  0 0    0 0  0 0  0 0    0 0  0 0  0 0 
 3.6 3 2.4   0 0  0 0  0 0    0 0  0 0  0 0    0 0  0 0  0 0 
 4.6 3 2.4   0 0  0 0  0 0    0 0  0 0  0 0    0 0  0 0  0 0 
 5.6 3 2.4   0 0  0 0  0 0    0 0  0 0  0 0    0 0  0 0  0 0 
 6.6 3 2.4   0 0  0 0  0 0    0 0  0 0  0 0    0 0  0 0  0 0 
 7.6 3 2.4   0 0  0 0  0 0    0 0  0 0  0 0    0 0  0 0  0 0 
 8.6 3 2.4   0 0  0 0  0 0    0 0  0 0  0 0    0 0  0 0  0 0 
 9.6 3 2.4   0 0  0 0  0 0    0 0  0 0  0 0    0 0  0 0  0 0 
 10.6 3 2.4   0 0  0 0  0 0    0 0  0 0  0 0    0 0  0 0  0 0 
 11.6 3 2.4   0 0  0 0  0 0    0 0  0 0  0 0    0 0  0 0  0 0 
 12.6 3 2.4   0 0  0 0  0 0    0 0  0 0  0 0    0 0  0 0  0 0 
 13.6 3 2.4   0 0  0 0  0 0    0 0  0 0  0 0    0 0  0 0  0 0 
 14.6 3 2.4   0 0  0 0  0 0    0 0  0 0  0 0    0 0  0 0  0 0 
 15.6 3 2.4   0 0  0 0  0 0    0 0  0 0  0 0    0 0  0 0  0 0 
 16.6 3 2.4   0 0  0 0  0 0    0 0  0 0  0 0    0 0  0 0  0 0 
 17.6 3 2.4   0 0  0 0  0 0    0 0  0 0  0 0    0 0  0 0  0 0 
 18.6 3 2.4   0 0  0 0  0 0    0 0  0 0  0 0    0 0  0 0  0 0 
 0.6 4 2.4   0 0  0 0  0 0    0 0  0 0  0 0    0 0  0 0  0 0 
 1.6 4 2.4   0 0  0 0  0 0    0 0  0 0  0 0    0 0  0 0  0 0 
 2.6 4 2.4   0 0  0 0  0 0    0 0  0 0  0 0    0 0  0 0  0 0 
 3.6 4 2.4   0 0  0 0  0 0    0 0  0 0  0 0    0 0  0 0  0 0 
 4.6 4 2.4   0 0  0 0  0 0    0 0  0 0  0 0    0 0  0 0  0 0 
 5.6 4 2.4   0 0  0 0  0 0    0 0  0 0  0 0    0 0  0 0  0 0 
 6.6 4 2.4   0 0  0 0  0 0    0 0  0 0  0 0    0 0  0 0  0 0 
 7.6 4 2.4   0 0  0 0  0 0    0 0  0 0  0 0    0 0  0 0  0 0 
 8.6 4 2.4   0 0  0 0  0 0    0 0  0 0  0 0    0 0  0 0  0 0 
 9.6 4 2.4   0 0  0 0  0 0    0 0  0 0  0 0    0 0  0 0  0 0 
 10.6 4 2.4   0 0  0 0  0 0    0 0  0 0  0 0    0 0  0 0  0 0 
 11.6 4 2.4   0 0  0 0  0 0    0 0  0 0  0 0    0 0  0 0  0 0 
 12.6 4 2.4   0 0  0 0  0 0    0 0  0 0  0 0    0 0  0 0  0 0 
 13.6 4 2.4   0 0  0 0  0 0    0 0  0 0  0 0    0 0  0 0  0 0 
 14.6 4 2.4   0 0  0 0  0 0    0 0  0 0  0 0    0 0  0 0  0 0 
 15.6 4 2.4   0 0  0 0  0 0    0 0  0 0  0 0    0 0  0 0  0 0 
 16.6 4 2.4   0 0  0 0  0 0    0 0  0 0  0 0    0 0  0 0  0 0 
 17.6 4 2.4   0 0  0 0  0 0    0 0  0 0  0 0    0 0  0 0  0 0 
 18.6 4 2.4   0 0  0 0  0 0    0 0  0 0  0 0    0 0  0 0  0 0 
 0.6 5 2.4   0 0  0 0  0 0    0 0  0 0  0 0    0 0  0 0  0 0 
 1.6 5 2.4   0 0  0 0  0 0    0 0  0 0  0 0    0 0  0 0  0 0 
 2.6 5 2.4   0 0  0 0  0 0    0 0  0 0  0 0    0 0  0 0  0 0 
 3.6 5 2.4   0 0  0 0  0 0    0 0  0 0  0 0    0 0  0 0  0 0 
 4.6 5 2.4   0 0  0 0  0 0    0 0  0 0  0 0    0 0  0 0  0 0 
 5.6 5 2.4   0 0  0 0  0 0    0 0  0 0  0 0    0 0  0 0  0 0 
 6.6 5 2.4   0 0  0 0  0 0    0 0  0 0  0 0    0 0  0 0  0 0 
 7.6 5 2.4   0 0  0 0  0 0    0 0  0 0  0 0    0 0  0 0  0 0 
 8.6 5 2.4   0 0  0 0  0 0    0 0  0 0  0 0    0 0  0 0  0 0 
 9.6 5 2.4   0 0  0 0  0 0    0 0  0 0  0 0    0 0  0 0  0 0 
 10.6 5 2.4   0 0  0 0  0 0    0 0  0 0  0 0    0 0  0 0  0 0 
 11.6 5 2.4   0 0  0 0  0 0    0 0  0 0  0 0    0 0  0 0  0 0 
 12.6 5 2.4   0 0  0 0  0 0    0 0  0 0  0 0    0 0  0 0  0 0 
 13.6 5 2.4   0 0  0 0  0 0    0 0  0 0  0 0    0 0  0 0  0 0 
 14.6 5 2.4   0 0  0 0  0 0    0 0  0 0  0 0    0 0  0 0  0 0 
 15.6 5 2.4   0 0  0 0  0 0    0 0  0 0  0 0    0 0  0 0  0 0 
 16.6 5 2.4   0 0  0 0  0 0    0 0  0 0  0 0    0 0  0 0  0 0 
 17.6 5 2.4   0 0  0 0  0 0    0 0  0 0  0 0    0 0  0 0  0 0 
 18.6 5 2.4   0 0  0 0  0 0    0 0  0 0  0 0    0 0  0 0  0 0 
 0.6 6 2.4   0 0  0 0  0 0    0 0  0 0  0 0    0 0  0 0  0 0 
 1.6 6 2.4   0 0  0 0  0 0    0 0  0 0  0 0    0 0  0 0  0 0 
 2.6 6 2.4   0 0  0 0  0 0    0 0  0 0  0 0    0 0  0 0  0 0 
 3.6 6 2.4   0 0  0 0  0 0    0 0  0 0  0 0    0 0  0 0  0 0 
 4.6 6 2.4   0 0  0 0  0 0    0 0  0 0  0 0    0 0  0 0  0 0 
 5.6 6 2.4   0 0  0 0  0 0    0 0  0 0  0 0    0 0  0 0  0 0 
 6.6 6 2.4   0 0  0 0  0 0    0 0  0 0  0 0    0 0  0 0  0 0 
 7.6 6 2.4   0 0  0 0  0 0    0 0  0 0  0 0    0 0  0 0  0 0 
 8.6 6 2.4   0 0  0 0  0 0    0 0  0 0  0 0    0 0  0 0  0 0 
 9.6 6 2.4   0 0  0 0  0 0    0 0  0 0  0 0    0 0  0 0  0 0 
 10.6 6 2.4   0 0  0 0  0 0    0 0  0 0  0 0    0 0  0 0  0 0 
 11.6 6 2.4   0 0  0 0  0 0    0 0  0 0  0 0    0 0  0 0  0 0 
 12.6 6 2.4   0 0  0 0  0 0    0 0  0 0  0 0    0.00754018 0.0153351  0.00270262 0.00549657  -0.0778811 -0.158394 
 13.6 6 2.4   0 0  0 0  0 0    0 0  0 0  0 0    -0.00153415 0.0246204  -0.000799435 0.0128295  0.0122814 -0.197094 
 14.6 6 2.4   0 0  0 0  0 0    0 0  0 0  0 0    -0.0160854 -0.0253306  -0.0153465 -0.024167  0.105659 0.166387 
 15.6 6 2.4   0 0  0 0  0 0    0 0  0 0  0 0    0.00563665 -0.00546029  0.0318008 -0.0308058  -0.107606 0.104239 
 16.6 6 2.4   0 0  0 0  0 0    0 0  0 0  0 0    0 0  0 0  0 0 
 17.6 6 2.4   0 0  0 0  0 0    0 0  0 0  0 0    0 0  0 0  0 0 
 18.6 6 2.4   0 0  0 0  0 0    0 0  0 0  0 0    0 0  0 0  0 0 
 0.6 7 2.4   0 0  0 0  0 0    0 0  0 0  0 0    0 0  0 0  0 0 
 1.6 7 2.4   0 0  0 0  0 0    0 0  0 0  0 0    0 0  0 0  0 0 
 2.6 7 2.4   0 0  0 0  0 0    0 0  0 0  0 0    0 0  0 0  0 0 
 3.6 7 2.4   0 0  0 0  0 0    0 0  0 0  0 0    0 0  0 0  0 0 
 4.6 7 2.4   0 0  0 0  0 0    0 0  0 0  0 0    0 0  0 0  0 0 
 5.6 7 2.4   0 0  0 0  0 0    0 0  0 0  0 0    0 0  0 0  0 0 
 6.6 7 2.4   0 0  0 0  0 0    0 0  0 0  0 0    0 0  0 0  0 0 
 7.6 7 2.4   0 0  0 0  0 0    0 0  0 0  0 0    0 0  0 0  0 0 
 8.6 7 2.4   0 0  0 0  0 0    0 0  0 0  0 0    0 0  0 0  0 0 
 9.6 7 2.4   0 0  0 0  0 0    0 0  0 0  0 0    0 0  0 0  0 0 
 10.6 7 2.4   0 0  0 0  0 0    0 0  0 0  0 0    0 0  0 0  0 0 
 11.6 7 2.4   0 0  0 0  0 0    0 0  0 0  0 0    0 0  0 0  0 0 
 12.6 7 2.4   0 0  0 0  0 0    0 0  0 0  0 0    -0.0195806 0.00266438  -0.000906062 0.00012329  0.179603 -0.0244391 
 13.6 7 2.4   0 0  0 0  0 0    0 0  0 0  0 0    0.0276736 0.0158004  0.00186169 0.00106294  -0.175016 -0.0999262 
 14.6 7 2.4   0 0  0 0  0 0    0 0  0 0  0 0    -0.0396129 -0.0217925  -0.00487912 -0.00268419  0.138281 0.0760735 
 15.6 7 2.4   0 0  0 0  0 0    0 0  0 0  0 0    -0.304593 -0.299388  -0.221853 -0.218062  0.271083 0.26645 
 16.6 7 2.4   0 0  0 0  0 0    0 0  0 0  0 0    0 0  0 0  0 0 
 17.6 7 2.4   0 0  0 0  0 0    0 0  0 0  0 0    0 0  0 0  0 0 
 18.6 7 2.4   0 0  0 0  0 0    0 0  0 0  0 0    0 0  0 0  0 0 
 0.6 8 2.4   0 0  0 0  0 0    0 0  0 0  0 0    0 0  0 0  0 0 
 1.6 8 2.4   0 0  0 0  0 0    0 0  0 0  0 0    0 0  0 0  0 0 
 2.6 8 2.4   0 0  0 0  0 0    0 0  0 0  0 0    0 0  0 0  0 0 
 3.6 8 2.4   0 0  0 0  0 0    0 0  0 0  0 0    0 0  0 0  0 0 
 4.6 8 2.4   0 0  0 0  0 0    0 0  0 0  0 0    0 0  0 0  0 0 
 5.6 8 2.4   0 0  0 0  0 0    0 0  0 0  0 0    0 0  0 0  0 0 
 6.6 8 2.4   0 0  0 0  0 0    0 0  0 0  0 0    0 0  0 0  0 0 
 7.6 8 2.4   0 0  0 0  0 0    0 0  0 0  0 0    0 0  0 0  0 0 
 8.6 8 2.4   0 0  0 0  0 0    0 0  0 0  0 0    0 0  0 0  0 0 
 9.6 8 2.4   0 0  0 0  0 0    0 0  0 0  0 0    0 0  0 0  0 0 
 10.6 8 2.4   0 0  0 0  0 0    0 0  0 0  0 0    0 0  0 0  0 0 
 11.6 8 2.4   0 0  0 0  0 0    0 0  0 0  0 0    0 0  0 0  0 0 
 12.6 8 2.4   0 0  0 0  0 0    0 0  0 0  0 0    0.00147987 -0.0181687  -0.000393473 0.00483073  -0.0145027 0.178052 
 13.6 8 2.4   0 0  0 0  0 0    0 0  0 0  0 0    0.0251239 0.0113661  -0.00971152 -0.00439352  -0.181809 -0.0822507 
 14.6 8 2.4   0 0  0 0  0 0    0 0  0 0  0 0    0.0279753 -0.0230637  -0.0197988 0.0163227  -0.144379 0.119031 
 15.6 8 2.4   0 0  0 0  0 0    0 0  0 0  0 0    -0.00162838 -0.00608337  0.00681491 0.0254594  0.0175317 0.0654955 
 16.6 8 2.4   0 0  0 0  0 0    0 0  0 0  0 0    0 0  0 0  0 0 
 17.6 8 2.4   0 0  0 0  0 0    0 0  0 0  0 0    0 0  0 0  0 0 
 18.6 8 2.4   0 0  0 0  0 0    0 0  0 0  0 0    0 0  0 0  0 0 
