  1.23835e-09  1.37521e-10  7.19976e-10  7.19976e-10  1.36735e-10  5.43985e-10  1.36735e-10  6.75577e-10
  1.23835e-09  1.37521e-10  7.19976e-10  7.19976e-10  1.36735e-10  5.43985e-10  1.36735e-10  6.75577e-10
  1.23835e-09  1.37521e-10  7.19976e-10  7.19976e-10  1.36735e-10  5.43985e-10  1.36735e-10  6.75577e-10
  1.23835e-09  1.37521e-10  7.19976e-10  7.19976e-10  1.36735e-10  5.43985e-10  1.36735e-10  6.75577e-10
  1.23835e-09  1.37521e-10  7.19976e-10  7.19976e-10  1.36735e-10  5.43985e-10  1.36735e-10  6.75577e-10
  1.23835e-09  1.37521e-10  7.19976e-10  7.19976e-10  1.36735e-10  5.43985e-10  1.36735e-10  6.75577e-10
  1.23835e-09  1.37521e-10  7.19976e-10  7.19976e-10  1.36735e-10  5.43985e-10  1.36735e-10  6.75577e-10
  1.23835e-09  1.37521e-10  7.19976e-10  7.19976e-10  1.36735e-10  5.43985e-10  1.36735e-10  6.75577e-10
  1.23835e-09  1.37521e-10  7.19976e-10  7.19976e-10  1.36735e-10  5.43985e-10  1.36735e-10  6.75577e-10
  1.23835e-09  1.37521e-10  7.19976e-10  7.19976e-10  1.36735e-10  5.43985e-10  1.36735e-10  6.75577e-10
  1.23835e-09  1.37521e-10  7.19976e-10  7.19976e-10  1.36735e-10  5.43985e-10  1.36735e-10  6.75577e-10
  1.23835e-09  1.37521e-10  7.19976e-10  7.19976e-10  1.36735e-10  5.43985e-10  1.36735e-10  6.75577e-10
  1.23835e-09  1.37521e-10  7.19976e-10  7.19976e-10  1.36735e-10  5.43985e-10  1.36735e-10  6.75577e-10
  1.23835e-09  1.37521e-10  7.19976e-10  7.19976e-10  1.36735e-10  5.43985e-10  1.36735e-10  6.75577e-10
  1.23835e-09  1.37521e-10  7.19976e-10  7.19976e-10  1.36735e-10  5.43985e-10  1.36735e-10  6.75577e-10
  1.23835e-09  1.37521e-10  7.19976e-10  7.19976e-10  1.36735e-10  5.43985e-10  1.36735e-10  6.75577e-10
  1.23835e-09  1.37521e-10  7.19976e-10  7.19976e-10  1.36735e-10  5.43985e-10  1.36735e-10  6.75577e-10
  1.23835e-09  1.37521e-10  7.19976e-10  7.19976e-10  1.36735e-10  5.43985e-10  1.36735e-10  6.75577e-10
  1.23835e-09  1.37521e-10  7.19976e-10  7.19976e-10  1.36735e-10  5.43985e-10  1.36735e-10  6.75577e-10
  1.23835e-09  1.37521e-10  7.19976e-10  7.19976e-10  1.36735e-10  5.43985e-10  1.36735e-10  6.75577e-10
  1.23835e-09  1.37521e-10  7.19976e-10  7.19976e-10  1.36735e-10  5.43985e-10  1.36735e-10  6.75577e-10
  1.23835e-09  1.37521e-10  7.19976e-10  7.19976e-10  1.36735e-10  5.43985e-10  1.36735e-10  6.75577e-10
  1.23835e-09  1.37521e-10  7.19976e-10  7.19976e-10  1.36735e-10  5.43985e-10  1.36735e-10  6.75577e-10
  1.23835e-09  1.37521e-10  7.19976e-10  7.19976e-10  1.36735e-10  5.43985e-10  1.36735e-10  6.75577e-10
  1.23835e-09  1.37521e-10  7.19976e-10  7.19976e-10  1.36735e-10  5.43985e-10  1.36735e-10  6.75577e-10
  1.23835e-09  1.37521e-10  7.19976e-10  7.19976e-10  1.36735e-10  5.43985e-10  1.36735e-10  6.75577e-10
  1.23835e-09  1.37521e-10  7.19976e-10  7.19976e-10  1.36735e-10  5.43985e-10  1.36735e-10  6.75577e-10
  1.23835e-09  1.37521e-10  7.19976e-10  7.19976e-10  1.36735e-10  5.43985e-10  1.36735e-10  6.75577e-10
  1.23835e-09  1.37521e-10  7.19976e-10  7.19976e-10  1.36735e-10  5.43985e-10  1.36735e-10  6.75577e-10
  1.23835e-09  1.37521e-10  7.19976e-10  7.19976e-10  1.36735e-10  5.43985e-10  1.36735e-10  6.75577e-10
  1.23835e-09  1.37521e-10  7.19976e-10  7.19976e-10  1.36735e-10  5.43985e-10  1.36735e-10  6.75577e-10
  1.23835e-09  1.37521e-10  7.19976e-10  7.19976e-10  1.36735e-10  5.43985e-10  1.36735e-10  6.75577e-10
  1.23835e-09  1.37521e-10  7.19976e-10  7.19976e-10  1.36735e-10  5.43985e-10  1.36735e-10  6.75577e-10
  1.23835e-09  1.37521e-10  7.19976e-10  7.19976e-10  1.36735e-10  5.43985e-10  1.36735e-10  6.75577e-10
  1.23835e-09  1.37521e-10  7.19976e-10  7.19976e-10  1.36735e-10  5.43985e-10  1.36735e-10  6.75577e-10
  1.23835e-09  1.37521e-10  7.19976e-10  7.19976e-10  1.36735e-10  5.43985e-10  1.36735e-10  6.75577e-10
  1.23835e-09  1.37521e-10  7.19976e-10  7.19976e-10  1.36735e-10  5.43985e-10  1.36735e-10  6.75577e-10
